58,17.91
58,18.23
58,18.32
58,18.15
58,17.99
58,18.32
58,18.40
57,17.74
58,17.91
58,18.07
57,17.82
58,17.99
57,17.74
57,17.82
58,18.40
58,17.74
58,17.82
58,18.23
57,18.07
58,18.23
57,18.40
58,17.99
58,18.40
58,18.40
58,18.07
58,18.32
58,18.40
58,18.23
58,17.99
56,18.07
58,18.15
57,17.91
58,17.49
58,17.74
58,18.15
58,18.07
59,17.66
58,17.82
59,17.82
58,17.82
58,18.07
58,18.32
58,17.74
58,17.66
58,18.48
58,18.23
59,18.40
58,18.15
58,17.99
58,17.91
58,18.40
57,17.66
58,18.40
58,18.15
58,18.07
58,17.99
58,17.99
59,18.15
58,18.15
58,18.15
58,18.48
58,18.65
58,18.15
58,18.32
58,18.23
58,17.66
58,17.41
58,18.23
58,17.99
59,17.82
58,18.48
58,17.91
58,17.99
58,18.48
59,18.23
59,18.56
58,18.40
58,18.32
58,17.91
58,17.91
58,18.23
59,17.99
58,18.56
58,17.99
58,18.73
59,18.32
58,17.99
58,18.23
58,18.40
59,19.06
59,18.73
58,18.73
58,18.32
58,18.73
59,18.65
59,17.74
58,18.40
59,18.40
57,18.81
59,18.48
58,18.81
58,18.56
58,18.73
58,18.23
58,18.32
58,18.32
60,19.06
57,19.14
58,18.98
58,18.73
60,18.73
58,18.15
59,18.65
57,18.89
57,18.98
59,18.23
57,18.56
58,18.73
58,18.73
59,18.98
59,18.81
58,18.48
58,18.48
58,18.32
58,18.81
58,18.23
59,18.23
58,18.32
58,18.89
58,18.56
59,18.73
58,18.56
58,18.73
58,18.98
58,18.40
58,18.65
59,18.48
58,18.65
58,18.32
58,18.56
58,18.81
59,18.81
58,18.81,E_START,0
58,18.65
58,19.22
58,18.48
58,18.81
59,18.73
59,18.65
58,18.32
61,18.23
63,18.15
63,18.23
63,18.23
63,18.65
62,18.23
61,18.89
61,18.98
61,18.73
62,18.73
62,18.56
62,18.73
62,18.73
61,18.89
62,18.89
62,18.73
61,18.23
60,18.56
61,18.73
61,18.89
61,18.98
60,18.81
61,18.89
62,18.89
61,18.65
61,18.73
61,19.30
61,18.89
60,18.89
60,18.98
60,19.06
61,19.22
61,19.06
60,19.30
59,19.14
59,18.98
59,19.14
58,19.06
59,19.39
58,19.63
58,19.47
59,19.39
58,19.96
58,19.63
59,19.06
58,19.06
59,19.55
59,19.63
58,19.63
58,19.30
58,19.63
58,19.30
58,19.55
59,19.63
59,19.55
58,20.04
58,19.80
57,19.63
58,19.63
59,19.55
58,19.71
59,19.96
60,20.04
58,19.96
58,19.71
58,19.88
58,19.80
59,20.04
59,19.88
58,20.13
59,20.78
58,20.13
58,20.04
58,19.96
58,20.13
59,20.37
59,19.71
58,20.29
58,19.96
58,19.71
58,20.37
58,20.04
58,20.45
58,20.62
59,20.29
58,19.71
58,20.45
58,20.70
59,20.87
59,20.45
58,20.21
58,20.21
58,20.70
58,20.70
58,20.70
58,20.70
59,20.37
59,20.54
59,20.45
58,21.11
58,21.11
58,20.70
59,20.78
59,20.37
58,20.70
59,20.78
59,20.78
58,21.19
57,21.19
59,21.03
58,21.11
59,21.44
58,21.19
58,21.19
58,21.03
59,21.36
58,21.44
58,21.44
59,21.28
58,21.11
58,21.11
58,21.36
57,21.11
58,21.19
59,21.19
58,21.36
59,22.18
59,21.36
58,22.02
58,22.10
58,21.69
58,21.61
59,21.94
59,21.77
58,21.77
59,21.94
58,22.02
59,21.36
59,21.28
58,21.85
59,21.52
59,21.61
58,21.94
58,21.94
58,22.02
58,21.69
58,21.77
59,22.10
58,21.69
58,22.10
59,22.26
58,22.26
58,22.35
59,21.94
57,22.43
56,21.85
55,22.43
54,22.10
55,21.61
56,22.10
55,22.02
56,22.59
56,22.35
56,22.18
55,22.92
54,22.92
55,22.68
55,22.84
54,23.00
55,22.84
55,22.35
55,22.68
55,22.76
55,22.51
55,22.76
56,22.51
56,22.18
55,22.26
55,23.00
56,22.76
56,22.26
56,22.68
56,22.59
57,23.00
58,22.84
57,22.68
58,22.35
57,22.51
58,22.43,E_STOP,0
59,22.68
59,22.92
59,22.92
59,22.59
58,23.09
57,22.43
59,22.76
58,22.43
59,23.17
58,22.84
59,22.68
60,22.92
58,23.00
58,23.09
59,21.94
58,22.26
59,22.43
58,22.43
59,22.59
58,22.84
58,22.10
58,22.35
58,23.00
59,22.84
58,23.00
59,23.00
59,22.84
58,22.92
58,22.35
59,22.76
59,22.51
59,22.76
58,22.51
58,22.43
59,23.00
59,22.68
58,22.51
58,22.84
59,22.10
58,22.84
58,22.92
58,22.59
59,22.92
59,22.51
59,22.51
59,22.59
58,22.68
59,22.92
59,22.84
58,22.59
58,22.35
59,22.59
58,22.35
59,22.02
59,22.43
58,22.26
58,22.35
58,22.51
58,22.35
59,22.26
59,22.26
58,22.51
58,22.02
58,22.18
58,22.59
58,22.35
58,22.10
58,22.26
58,22.51
58,22.02
59,22.76
59,22.76
58,22.59
58,22.35
59,23.00
58,22.76
58,22.59
58,22.76
58,22.92
58,22.84
59,22.84
58,22.43
58,22.92
58,22.68
59,22.43
58,22.84
58,22.68
59,22.92
59,22.84
58,22.51
58,22.43
59,22.59
58,22.76
59,23.00
59,22.43
59,22.76
59,22.68
58,22.18
58,22.43
59,22.84
59,22.68
58,22.51
59,22.51
59,22.76
58,22.59
58,22.92
58,22.92
58,22.10
59,22.59
59,22.59
59,22.35
59,22.18
58,22.10
58,23.00
58,22.26
59,22.68
59,22.59
58,22.02
58,22.51
58,22.35
58,22.02
58,22.43
58,22.68
58,22.59
59,22.35
59,22.35
58,22.76
58,22.43
59,22.84
58,22.10
58,22.76
58,22.26
59,22.92
58,22.26
58,23.09
58,22.43
58,22.59
58,23.00
57,22.84
57,22.51
57,22.51
59,21.94
59,22.76
59,22.51
58,22.51
59,22.35
58,22.51
58,22.35
58,22.51
59,22.43
59,21.61
59,22.43
58,22.84
59,22.18
59,22.59
58,22.59
58,22.59
58,22.76
58,22.43
59,22.76
59,22.59
59,22.35
58,22.26
58,22.26
58,22.18
59,22.43
59,22.18
58,21.94
59,21.94,D_OPEN,0
58,21.94
59,21.85
58,21.69
58,22.18
58,22.10
59,22.18
58,21.77
59,22.02
58,22.02
57,21.11
58,21.77
57,21.61
59,21.94
59,21.77
58,20.95
58,21.36
58,21.85
58,21.11
59,21.44
59,21.69
59,21.44
58,22.18
57,21.69
59,22.02
58,21.61
59,21.69
59,21.85
59,21.85
58,21.77
58,22.02
58,21.03
58,21.77
59,21.61
59,21.28
59,21.94
58,22.02
58,21.77
59,21.69
59,21.52
58,21.61
58,21.52
58,21.77
58,21.44
58,21.61
59,21.52
58,21.61
58,21.69
58,21.61
58,21.69
58,21.61
58,21.03
58,22.18
58,21.52
58,21.69
59,21.19
59,21.03
58,22.02
58,21.85
58,21.69
58,21.61
59,21.52
58,21.94
58,21.77
58,22.10
58,21.36
58,21.52
58,21.77
58,21.61
59,22.18
59,22.10
58,22.26
58,22.18
58,22.02
58,21.44
59,20.87
59,21.52
58,21.77
58,21.85
58,22.18
58,21.77
58,21.77
59,22.18
59,21.69
58,21.85
58,22.10
58,22.43
58,22.02
59,22.18
59,21.94
58,21.85
58,22.02
59,22.35
58,22.10
58,22.10
58,21.94
59,21.69
58,22.02
58,22.02
58,21.94
58,22.02
59,21.85
58,21.85
58,21.77
58,22.18
59,22.35
59,22.10
58,22.10
59,21.52
58,21.77
58,21.03
58,21.85
58,21.44
58,21.28
59,21.77
58,21.61
58,22.18
58,21.85
59,22.18
59,21.61
58,21.19
59,21.03
58,21.69
59,21.52
58,21.85
59,21.44
59,21.69
58,20.78
59,21.44
59,21.77
59,21.61
58,20.95
58,20.78
59,20.70
58,20.87
58,21.61
59,21.85
59,22.10
58,21.77
59,21.77
58,21.11
58,21.52
58,20.62
58,21.03,D_CLOSE,0
59,21.11
58,21.36
59,21.61
58,21.61
58,21.77
58,21.52
58,21.28
58,21.85
59,21.11
59,21.19
58,21.77
58,21.85
59,21.44
58,21.03
58,20.70
59,21.36
59,21.69
59,21.11
58,21.52
58,21.61
59,21.52
58,20.87
59,20.62
58,21.85
58,21.61
59,21.52
58,20.78
58,21.19
59,21.77
58,21.85
59,21.77
59,21.85
58,21.85
58,21.94
59,20.78
59,21.94
59,21.52
58,21.77
58,22.02
58,21.19
59,21.52
59,21.77
59,21.94
58,21.19
58,21.03
58,21.94
58,21.44
59,21.77
59,21.52
59,21.77
58,21.85
58,21.36
59,21.19
58,21.61
58,22.10
59,21.52
59,21.11
59,21.77
59,21.61
58,21.44
59,22.10
58,22.59
58,22.35
58,21.85
58,22.26
58,22.43
59,22.51
58,22.26
59,22.59
59,21.94
58,22.68
59,21.85
59,22.51
59,21.69
58,22.51
58,22.26
58,23.00
59,22.68
58,22.84
58,22.51
58,22.51
58,22.51
59,21.85
58,22.59
59,21.94
59,22.68
59,22.84
58,22.68
58,22.68
58,22.18
58,23.00
58,22.10
59,22.35
59,22.59
58,22.51
59,22.26
59,22.68
58,22.51
58,22.26
58,22.68
59,22.43
58,22.76
58,22.51
59,22.84
59,22.26
58,22.84
58,22.26
58,22.10
58,22.76
58,22.26
58,22.51
58,22.18
58,22.84
59,22.59
59,22.26
59,22.26
58,22.35
59,22.26
58,22.59
58,22.43
58,22.76
58,22.26
58,22.84
59,22.59
59,22.43
59,22.51
59,22.68
58,22.18
59,22.43
58,22.43
58,22.84
59,22.59
58,22.43
58,22.43
58,22.51
59,22.59
59,23.00
59,22.92
58,22.84
59,22.43
59,22.43
58,22.43
58,22.51
59,22.59
58,22.43
58,22.84
59,22.59
59,22.76
59,22.92
58,22.84
58,22.76
58,22.68
59,23.09
58,22.84
58,22.43
58,22.26
59,22.18
58,22.43
58,22.10
58,22.02
58,22.18
59,21.77
61,22.35
62,21.85
63,22.02
63,22.43
63,22.59
62,22.02,E_START,5910
61,22.43
62,22.68
61,22.51
61,22.43
61,22.59
63,22.43
62,22.18
62,21.94
62,22.92
61,22.43
62,22.43
61,22.26
61,21.94
61,22.76
61,22.59
62,23.00
61,23.00
60,22.68
61,22.84
61,22.59
60,22.68
60,23.00
60,22.92
60,22.59
60,22.59
60,22.76
60,22.84
61,22.68
60,23.09
59,23.00
58,23.33
58,23.33
57,22.92
58,23.09
58,22.92
58,23.09
59,23.50
59,23.42
59,23.25
58,23.33
58,23.17
58,23.00
58,23.33
58,23.50
58,23.33
59,23.83
58,23.33
58,23.25
59,23.25
59,23.50
59,23.42
59,23.33
59,23.09
58,23.42
58,23.25
58,23.33
58,23.58
59,23.50
60,23.25
59,23.83
58,22.92
57,23.58
58,23.83
58,23.74
58,23.99
59,23.50
58,23.66
58,23.91
58,23.83
58,23.91
58,23.58
59,23.99
59,23.50
59,23.66
59,23.83
58,23.91
58,24.24
59,23.99
59,24.07
59,23.91
60,24.24
58,24.65
58,24.24
58,23.99
58,23.99
60,23.42
59,24.24
58,24.24
59,24.48
59,23.50
58,24.81
57,23.83
58,24.32
58,23.42
60,24.57
58,24.98
58,24.90
58,24.81
57,24.57
57,24.65
59,24.81
59,23.83
59,24.65
58,24.24
57,24.73
58,23.99
59,24.90
58,24.98
59,24.98
59,24.90
59,24.81
59,24.81
58,24.98
57,24.98
58,24.16
59,24.81
59,25.22
59,24.98
58,24.24
59,25.06
57,24.98
59,25.22
59,24.40
59,25.31
58,24.90
58,25.88
58,25.39
58,25.39
58,25.47
58,25.14
58,24.98
59,24.90
58,24.90
58,25.55
58,25.22
58,25.64
59,25.47
58,25.47
59,24.98
59,25.06
58,25.47
58,25.55
58,25.72
58,25.55
59,25.64
59,25.97
58,25.55
58,26.05
58,25.97
58,25.64
59,25.80
59,25.72
58,26.29
59,26.21
59,26.21
57,26.05
58,25.72
59,26.05
59,25.88
59,26.29
58,25.88
58,26.21
59,26.13
58,26.21
58,26.05
58,25.88
58,26.62
58,26.21
59,26.21
58,26.13
58,26.62
59,26.38
58,26.21
59,26.62
59,26.38
59,26.79
59,26.95
58,26.95
58,26.87
59,26.71
59,26.71
58,26.46
59,26.95
59,26.38
58,26.71
59,26.54
58,26.71
59,26.38
59,26.71
58,26.13
59,26.38
58,26.54
58,26.46
58,27.04
59,26.62
57,26.62
59,26.95
58,27.36
59,27.36
59,27.61
58,26.79
59,26.54
59,26.71
58,26.95
58,26.95
59,27.04
58,26.62
58,27.20
58,27.28
58,27.20
59,27.28
58,27.45
58,27.20
59,27.69
58,27.53
58,27.69
59,27.69
58,28.02
58,28.02
59,27.53
58,27.36
59,27.36
59,27.45
58,27.12
58,27.61
59,27.61
58,27.36
59,27.78
59,27.69
57,27.53
58,27.78
59,27.69
58,27.53
59,27.69
58,28.27
58,28.35
59,27.86
58,27.69
58,27.86
59,28.35
58,27.86
58,27.86
59,28.35
58,28.43
59,28.11
58,28.43
58,28.27
58,28.35
59,28.43
58,28.60
58,28.19
58,27.94
57,27.69
59,27.12
59,28.19
59,28.19
59,28.19
58,27.86
58,27.69
59,28.35
58,28.02
58,28.02
59,27.78
59,27.69
59,28.11
58,27.94
58,28.68
58,28.19
59,28.76
59,28.52
59,27.20
58,28.35
59,28.93
59,28.93
57,28.35
58,29.26
59,28.27
59,29.09
59,29.18
58,28.35
57,28.85
59,29.09
58,29.09
57,29.18
59,29.59
59,29.01
58,28.52
59,28.93
57,28.85
58,29.09
59,29.50
57,28.93
58,29.34
59,29.18
58,29.18
58,29.18
58,28.85
58,29.09
59,29.42
59,29.34
58,29.26
60,29.67
59,29.18
58,29.42
59,29.50
58,29.42
58,29.50
58,29.09
55,29.34
55,29.59
55,29.50
53,29.34
55,30.08
56,29.75
56,29.59
57,29.50
56,29.67
54,30.33
55,29.83
55,30.00
55,29.34
54,29.92
53,29.92
54,30.24
56,30.24
55,30.08
55,29.67
55,30.00
55,30.08
55,30.00
56,29.67
55,30.00
55,30.33
56,29.67
57,30.00
57,30.33
71,30.41
57,30.00
57,29.67
58,30.08
58,30.41
58,30.16
58,30.00
58,29.92
59,30.00
59,30.00
58,29.83
58,29.92
58,29.26
59,30.57
58,29.26
58,29.92
58,30.33
59,30.24
59,30.41
59,28.60
59,30.24
58,30.08
59,30.24
59,29.83
59,29.67
58,29.83
58,30.24
58,30.16
58,29.26
59,30.16
59,30.08
58,30.16
58,29.83
59,29.83
59,29.59
58,29.83
58,29.26
58,30.16
59,29.50
59,29.83
59,29.92
58,29.67
58,29.34
58,30.00
59,30.24
59,30.00
58,29.92
58,30.00
58,30.16
58,29.59
59,29.26
58,30.00
58,29.92
59,29.83
58,30.24
59,29.67
58,30.16
58,30.16
58,29.83
59,29.18
58,29.83
58,30.08
58,30.49
58,29.92
59,30.41
59,30.16
59,30.08
59,29.59
58,30.16
58,30.57
59,30.24
58,30.16
58,30.16
58,29.26
58,30.57
58,30.49
58,29.59
58,30.24
58,30.24
59,29.34
59,30.24
59,29.67
59,30.16
58,30.57
58,29.67
59,30.00
58,30.00
58,30.41
58,30.24
58,30.33
59,29.42
58,29.50
59,30.08
58,30.24
58,29.26
58,30.57
58,30.49
58,29.67
58,29.26
58,30.24
58,30.16
59,30.41
59,30.33
59,29.42
58,30.33
59,30.08
59,29.67
59,29.83
58,29.92
58,29.59
58,29.92
59,30.33
59,30.49
58,30.33
58,30.24
58,30.24
59,29.75
58,29.59
58,30.49
58,30.57
58,29.75
58,30.49
59,30.16
58,30.41
58,29.75
58,30.24
58,29.42
59,30.33
58,30.49
58,29.75
58,30.24
58,29.83
59,29.92
58,30.49
58,30.16
58,30.24
59,30.57
59,29.50
59,30.16
59,29.67
58,30.24
58,30.16
59,30.66
59,30.99
59,30.49
58,30.08
58,29.83
59,29.59
59,30.24
58,29.59
58,30.57
58,29.42
59,30.41
58,29.59
58,30.57
58,30.24
58,30.49
58,30.33
59,29.59
58,30.33
58,29.67
57,29.83
56,30.90
57,30.33
59,29.92
59,30.24
59,30.33
59,30.24
58,30.24
58,30.33
57,30.41
58,29.34
60,29.59
59,29.50
58,30.49
58,29.50
58,30.16
58,29.92
59,30.33
58,30.57
58,29.50
58,30.33
58,30.24
59,30.24
59,29.50
58,29.26
58,29.42
58,30.24
59,30.16
59,30.08
44,29.92
58,29.92
58,28.60
58,29.09
54,28.85
59,28.68
59,28.68
59,29.83
58,29.50
60,29.26
57,29.09
58,30.16
59,29.83
59,30.00
58,29.09
58,29.92
59,29.42
58,29.92
59,30.08
59,29.59
58,29.42
59,29.26
58,29.18
58,29.09
58,29.09
58,28.85
58,28.76
59,28.93
59,28.85
59,28.68
58,29.67
58,29.18
58,28.93
58,29.18
58,28.60
58,29.83
59,29.59
58,28.76
58,28.85
58,29.09
58,29.18
58,29.01
58,28.76
59,29.75
58,29.92
58,29.59
58,29.01
59,28.85
58,30.08
59,28.85
59,29.09
58,28.76
58,29.18
58,29.75
59,30.57
58,29.34
58,29.83
58,29.59
58,29.92
59,30.16
58,30.00
58,29.18
58,29.83
59,29.01
59,29.01
59,28.93
59,29.01
59,29.18
59,29.34
59,29.09
59,29.09
58,29.59
58,28.93
59,29.59
59,29.01
58,28.93
58,28.76
58,29.26
59,28.68
58,28.68
58,29.50
58,28.85
58,29.59
58,28.93
58,28.76
59,29.01
59,28.85
59,28.68
59,29.34
58,29.26
59,28.76
58,29.75
58,28.93
58,28.60
59,29.42
59,29.09
58,29.18
58,28.85
59,28.85
59,29.09
58,29.09
59,29.09
58,29.18
58,29.75
58,28.85
59,29.34
59,29.67
59,28.93
59,28.93
58,29.18
58,29.18
58,29.01
58,29.01
58,29.09
59,28.76
59,29.09
58,28.68
58,28.76
59,28.68
59,28.68
59,28.68
58,29.09
58,29.09
58,28.68
58,29.59
58,28.68
59,30.00
58,28.93
59,29.42
58,28.93
58,29.01
59,28.93
58,29.92
59,29.01
58,29.01
58,29.18
58,29.26
59,29.26
59,28.76
58,29.83
59,28.93
58,28.76
58,29.01
58,29.09
59,29.75
59,28.60
59,29.09
59,29.59
58,29.09
58,29.09
58,29.09
58,29.09
59,29.67
58,28.68
59,29.42
58,29.42
58,29.26
59,29.09
59,28.85
58,28.60
59,28.93
58,28.85
58,29.34
58,29.09
59,29.18
59,29.18
58,29.34
59,28.68
59,28.85
59,28.93
58,29.26
59,28.76
58,28.85
59,28.52
59,28.60
59,29.34
59,28.93
58,29.50
59,28.93
58,28.76
59,30.33
58,30.57
58,29.09
59,30.08
59,29.83
58,29.50
59,28.68
58,28.60
58,29.01
59,28.76
58,29.42
58,29.67
58,29.26
58,29.01
59,29.01
58,29.59
58,29.92
58,30.00
58,30.00
58,30.16
59,28.76
59,28.85
58,29.26
58,29.42
58,30.33
59,30.16
59,29.18
58,30.49
58,30.24
59,30.33
59,30.24
59,29.83
58,30.24
58,29.59
59,30.00
59,29.18
59,29.50
59,29.42
58,29.75
58,29.67
58,29.42
59,29.50
59,29.75
58,29.92
59,29.34
58,29.50
58,30.24
58,29.75
58,30.24
56,29.50
58,30.41
59,30.00
59,29.50
58,30.66
58,30.66
58,30.49
58,30.49
58,30.00
59,29.92
58,30.66
58,30.08
59,29.67
59,30.49
58,29.92
58,29.42
59,29.59
58,30.08
59,29.67
58,30.41
59,29.67
58,29.83
58,30.24
58,30.49
58,30.49
58,30.33
58,30.16
58,30.66
59,30.66
59,30.24
58,30.49
58,30.57
58,30.49
58,29.75
58,30.33
58,30.16
58,30.41
58,30.33
59,30.82
58,30.49
58,30.33
58,30.66
58,30.33
59,30.49
59,30.49
59,30.66
59,31.07
58,30.74
58,30.74
59,30.49
59,30.82
58,30.57
58,30.57
58,30.49
58,29.92
58,30.99
58,31.15
58,30.90
58,30.99
58,30.99
58,30.41
59,30.57
58,30.24
58,30.66
59,29.67
59,30.41
58,30.82
59,30.49
59,30.66
59,30.24
58,29.75
58,30.16
58,30.33
59,30.82
58,30.24
59,30.33
58,30.90
59,30.66
58,29.75
58,30.57
58,30.33
59,30.24
59,30.33
59,30.66
59,30.33
59,30.24
60,30.24
63,30.08
63,30.24
63,29.92
63,29.50
63,29.83
61,30.74
61,30.00
60,30.24
60,29.67
60,30.00
61,30.49
62,30.08
61,30.24
61,30.41
61,30.41
61,30.33
61,30.33
61,29.83
62,30.49
61,29.92
61,30.49
61,30.66
61,31.15
62,30.41
62,30.57
61,31.07
62,30.99
60,30.99
59,31.31
60,30.33
60,30.90
61,30.57
61,29.83
60,30.82
59,30.82
59,30.57
58,30.99
57,30.82
59,30.66
58,31.56
59,31.07
59,31.23
58,31.07
59,31.48
58,30.74
58,31.31
58,30.99
59,31.40
58,31.07
59,30.82
57,30.99
57,31.07
58,31.07
59,31.15
60,31.48
59,31.23
59,31.07
58,31.56
57,31.40
57,31.48
57,31.64
58,31.81
59,31.31
59,31.97
59,31.97
59,32.14
58,31.64
58,31.56
59,31.56
58,31.31
59,32.14
60,31.64
58,31.73
58,31.81
59,32.22
59,31.97
60,32.22
59,31.97
57,32.30
59,32.22
59,31.89
57,31.73
58,31.97
59,32.06
59,31.81
59,31.81
59,32.14
58,32.38
59,32.22
58,31.73
57,31.73
58,32.14
59,31.97
59,32.22
59,31.64
57,32.14
58,32.06
59,31.48
58,32.38
58,32.06
59,33.04
59,32.96
59,32.96
59,32.63
57,32.14
58,32.14
59,32.30
58,32.14
58,32.88
59,32.38
59,32.38
58,32.80
57,32.38
57,32.71
59,32.71
59,32.71
58,32.71
59,32.96
59,32.71
59,32.14
57,33.04
57,33.37
58,33.04
59,33.29
59,32.96
58,33.29
59,33.37
59,32.47
58,33.70
57,33.78
58,33.04
59,33.95
59,33.21
58,33.87
58,33.21
58,32.96
59,32.63
58,33.37
58,32.63
59,33.45
58,33.54
58,32.96
58,32.63
57,33.87
58,33.21
59,33.29
58,33.37
59,33.45
58,33.54
58,33.37
58,33.78
57,33.78
56,33.37
57,34.20
56,34.11
54,34.03
54,33.54
53,33.87
55,34.36
57,34.20
55,34.11
56,33.95
56,33.62
55,33.87
54,34.36
55,33.87
54,33.54
55,34.20
53,34.36
54,33.45
56,33.70
56,34.03
55,34.03
55,33.78
56,33.45
57,34.11
55,33.54
54,34.20
56,33.87
57,34.11
57,34.03
57,34.11
58,33.29
57,34.28
57,33.70
58,34.11
58,34.11
63,33.87
58,33.87
58,33.70
59,34.20
59,34.03
58,34.11
58,34.11
58,34.11
60,34.44
57,33.95
58,34.28
58,34.44
58,33.95
58,34.11
59,34.03
59,34.11
58,33.78
58,33.95
59,33.87
58,34.20
59,34.28
58,33.87
58,34.20
59,34.11
59,33.95
59,33.70
58,34.03
58,33.95
58,34.11
58,34.03
59,34.28
58,34.20
58,33.70
58,34.11
59,33.70
58,34.36
59,34.36
58,34.69
58,33.21
58,33.78
59,33.70
59,34.03
59,34.03
58,34.03
58,33.95
59,33.37
58,34.36
58,33.78
58,34.03
59,33.78
59,33.21
58,33.29
59,33.45
58,33.95
59,33.62
58,33.13
59,33.95
59,33.37
58,33.21
58,34.36
58,33.45
59,33.78
58,33.87
58,34.36
58,33.62
58,34.03
59,34.03
58,33.45
59,34.11
58,33.45
58,34.28
59,33.13
58,34.44
58,34.20
59,34.11
58,34.20
58,34.85
59,34.03
59,34.85
58,33.95
58,33.95
58,34.20
59,34.77
59,34.85
58,34.11
58,34.20
59,34.77
59,34.11
58,33.87
58,34.20
58,33.87
59,33.45
59,33.87
58,34.03
59,34.44
58,34.20
58,33.54
58,34.03
58,34.11
59,34.28
58,34.03
58,33.87
58,34.11
59,34.20
58,34.11
58,34.20
58,34.11
59,34.11
59,34.20
58,34.44
58,34.28
58,34.11
58,33.95
58,33.54
59,33.21
59,34.69
59,34.03
59,33.87
58,33.87
59,34.44
59,34.28
58,34.69
58,34.94
59,33.95
59,34.36
58,33.29
58,34.11
58,33.95
59,33.70
59,34.03
58,34.77
58,34.44
58,34.44
58,34.20
58,33.87
58,33.45
59,34.28
58,33.70
57,34.20
59,34.11
59,33.70
58,33.70
58,33.37
58,34.36
59,33.21
58,34.36
58,34.03
58,34.36
59,34.69
59,33.62
58,34.20
59,33.21
59,33.70
59,34.28
58,34.36
58,33.54
59,34.03
59,34.03
58,34.77
58,34.77
59,33.78
59,34.03
58,34.20
58,34.44
59,33.62
59,33.87
58,34.20
57,34.20
57,33.54
56,34.36
56,34.11
58,33.45
59,33.37
60,34.28
57,34.85
57,34.69
58,34.28
59,34.94
58,33.95
60,33.54
59,33.45
59,34.44
58,33.45
58,33.62
59,34.03
59,34.44
58,34.69
58,34.36
59,33.45
58,33.54
59,34.44
58,34.03
59,34.03
58,33.70
57,33.54
59,34.28
59,33.87
58,33.62
58,33.21
57,32.88
59,33.04
59,33.13
59,32.71
58,32.71
59,33.87
58,33.29
58,33.78
58,33.95
58,32.96
58,32.80
58,33.37
58,32.63
59,33.13
58,33.37
59,33.04
58,34.03
58,33.95
59,33.29
58,33.70
58,33.04
58,34.03
59,33.21
58,32.96
58,33.13
58,32.71
58,32.88
58,32.96
58,32.88
58,33.04
59,33.04
58,32.96
58,33.78
58,32.88
59,33.45
59,33.13
58,32.55
58,33.04
59,33.29
59,33.62
58,32.80
58,33.04
59,32.88
59,32.96
59,33.29
58,32.63
58,33.04
58,33.70
58,32.96
59,32.96
59,33.04
58,33.04
59,32.63
58,33.13
59,33.04
58,33.04
58,33.04
58,33.13
58,33.04
59,32.80
59,33.04
59,33.04
58,33.04
58,33.21
58,33.13
59,33.21
59,33.13
59,33.21
59,33.13
59,32.80
58,32.88
58,33.37
58,33.21
58,33.04
59,33.54
59,33.87
59,33.54
58,32.88
58,33.45
58,33.29
58,33.45
58,33.45
59,33.21
58,33.29
58,33.04
58,33.04
59,32.80
58,32.96
59,33.13
59,33.29
58,33.04
58,33.04
59,32.88
58,33.21
59,33.21
59,33.21
59,32.96
59,33.13
58,33.21
58,33.21
59,32.80
58,33.29
58,32.88
59,33.13
58,33.62
59,32.96
58,32.88
58,32.88
58,32.88
58,33.13
58,33.04
58,33.95
59,33.04
59,32.96
58,33.21
58,33.54
58,32.80
59,32.80
58,32.88
59,32.71
58,33.29
58,33.13
58,33.13
59,32.88
58,33.87
58,34.20
58,33.13
58,32.80
59,33.62
58,33.21
58,33.13
58,32.88
59,33.37
59,34.11
59,33.21
58,33.29
58,33.29
58,33.13
58,32.88
59,33.04
58,33.04
58,33.29
58,33.29
59,33.70
58,33.29
58,33.21
58,33.13
58,32.88
58,33.37
59,33.21
59,33.29
58,33.29
59,33.45
59,33.13
59,33.87
58,33.21
59,33.54
58,33.54
58,33.70
59,33.62
58,33.70
58,33.13
58,33.37
59,33.37
59,33.62
59,33.45
59,33.21
59,33.21
58,32.96
59,33.21
59,33.13
59,33.21
58,33.37
58,33.54
58,33.29
58,33.37
58,33.37
58,33.29
58,33.37
58,33.62
59,32.96
58,33.29
58,33.37
58,33.13
58,33.37
58,33.29
58,33.13
58,33.13
59,33.04
59,33.37
58,33.21
59,33.29
59,33.45
59,33.37
58,33.62
59,33.13
59,33.45
59,33.29
58,33.54
58,33.45
58,33.29
59,33.37
59,33.62
58,33.62
58,33.87
58,33.70
58,33.87
58,33.87
59,33.54
58,33.37
59,33.78
58,33.87
58,33.87
58,34.03
58,33.95
58,33.78
58,33.87
58,34.03
59,33.45
59,34.03
59,33.70
58,34.03
58,33.78
58,32.96
58,33.70
58,33.37
58,34.20
58,34.11
58,33.54
59,33.87
59,33.87
58,33.87
58,33.29
59,33.95
59,33.70
58,33.87
58,33.78
58,33.70
59,33.87
58,33.37,D_CLOSE,26732
46,33.87
58,33.54
58,33.78
58,33.70
58,33.04
58,33.37
58,34.94
58,34.03
58,33.54
59,33.54
59,33.45
58,33.45
58,34.69
58,33.70
58,34.03
58,33.87
58,33.95
59,33.95
58,33.70
59,33.62
58,33.78
59,33.54
58,34.03
58,33.78
58,33.62
59,33.95
58,34.20
58,33.95
58,33.37
59,33.78
59,33.54
58,33.70
58,33.78
59,34.20
59,33.70
59,34.03
59,34.03
58,33.78
58,33.87
58,33.62
59,33.62
59,33.54
58,33.95
58,33.87
58,34.28
58,35.27
59,34.11
58,33.87
58,33.54
58,33.62
58,33.78
59,33.87
58,34.36
59,34.03
58,33.70
58,33.95
58,33.70
58,33.95
58,33.87
58,33.54
58,33.87
58,33.70
58,33.87
58,33.87
58,33.70
58,34.03
59,34.03
58,34.03
58,33.78
58,33.70
58,33.70
58,33.70
59,33.70
58,33.54
58,33.45
58,33.70
59,34.03
58,34.03
58,33.95
59,33.95
59,33.62
58,34.36
59,33.87
58,34.11
58,33.70
58,33.87
59,33.70
59,33.62
58,34.03
58,33.87
59,33.62
58,34.44
58,34.11
58,33.78
58,33.95
59,34.28
58,34.03
58,33.87
58,34.20
58,33.70
58,33.95
58,33.95
59,34.44
58,34.11
58,33.87
58,33.87
58,33.70
58,33.62
58,33.54
58,33.87
58,33.95
58,33.87
59,33.78
58,34.20
59,33.70
59,33.62
58,34.11
59,33.87
57,33.87
59,33.95
58,33.78
58,34.03
58,33.95
58,33.87
58,33.95
59,33.78
58,33.95
59,33.95
58,33.87
58,33.62
58,34.20
58,34.03
56,34.11
56,33.78
55,34.11
55,33.95
56,33.95
56,33.70
57,34.03
57,33.87
56,34.20
57,34.03
62,34.03
55,34.11
55,34.20
55,34.11
56,34.11
56,33.87
56,33.87
57,33.87
56,33.87
56,33.87
56,33.78
56,34.11
56,33.62
56,33.45
56,33.62
56,33.78
56,33.95
56,33.54
58,33.87
59,33.70
59,33.37
60,33.70
59,33.70
59,33.70
58,33.37
58,33.45
58,33.37
58,33.70
58,33.54
58,33.37
58,33.54
59,33.37
59,33.54
59,33.45
59,33.37
58,33.29
58,33.04
58,32.96
58,33.04
59,33.21
59,33.13
59,33.45
59,33.04
58,33.21
59,33.21
58,33.37
58,32.96
58,33.21
59,32.55
58,33.04
58,32.96
58,33.04
59,32.88
59,33.04
58,32.96
58,32.80
58,32.88
58,32.80
59,32.96
58,33.13
58,32.38
58,32.71
58,32.88
59,32.38
59,32.55
58,32.80
58,32.96
58,32.96
59,33.04
59,32.55
58,32.80
59,32.30
59,32.80
59,32.47
59,32.38
58,32.38
59,32.55
58,32.80
59,32.06
58,32.38
59,32.30
58,32.47
58,32.55
58,32.63
58,32.38
59,32.71
59,32.38
58,32.30
58,32.22
58,32.47
58,31.81
58,31.89
59,31.97
58,32.55
59,32.47
58,32.71
58,32.38
58,32.47
58,32.22
58,31.97
59,32.14
58,32.47
58,32.14
58,32.22
58,31.97
58,32.14
59,31.97
58,32.06
59,32.14
59,32.38
58,32.38
59,32.38
58,32.14
59,31.73
58,32.14
58,32.14
58,31.97
58,31.97
58,32.06
58,31.81
58,31.89
59,32.06
59,31.64
59,31.73
58,32.06
58,31.89
58,31.89
58,31.23
58,31.64
58,31.81
58,31.56
58,31.48
58,31.64
58,31.31
58,31.48
58,31.48
58,31.48
58,31.89
59,31.81
58,31.64
58,31.64
58,32.06
58,31.48
58,31.89
59,31.64
58,31.15
58,31.48
58,31.73
58,31.23
58,31.64
59,31.31
59,31.64
58,30.90
58,30.99
59,30.90
58,31.15
58,31.48
58,30.74
58,30.74
59,31.56
58,31.31
58,31.31
58,30.74
58,30.82
58,31.07
59,31.40
58,31.07
59,30.90
58,31.31
59,31.48
58,31.23
58,30.99
58,30.82
58,31.48
59,30.90
58,31.15
58,31.07
58,30.90
58,31.48
58,31.07
58,31.31
58,31.40
59,31.31
58,31.31
58,31.07
59,31.15
58,30.57
59,30.57
58,30.66
59,30.57
59,31.15
58,30.24
58,30.57
59,30.74
58,30.74
58,30.24
58,30.66
58,30.16
58,30.57
58,30.24
59,30.49
58,30.57
58,31.07
59,30.99
59,30.49
60,30.41
60,30.08
60,30.49
60,30.41
59,30.57
60,30.49
59,30.82
59,30.08
59,30.00
59,30.74
59,30.49
60,30.41
60,30.00
60,29.83
59,30.00
59,30.16
59,30.00
60,29.92
59,30.74
59,30.33
60,29.67
60,29.83
60,29.83
60,30.00
59,30.33
60,30.16
59,30.49
59,30.33
59,30.24
59,30.57
59,29.83
60,30.00
59,30.16
60,29.75
60,30.41
59,30.24
59,29.92
59,30.00
59,30.08
59,30.16
59,30.24
59,30.08
60,30.33
59,29.92
60,30.74
59,30.57
59,30.66
59,30.49
59,30.57
59,30.08
59,30.16
59,30.08
59,30.24
59,29.83,E_STOP,13944
62,29.92
59,29.92
58,30.08
58,29.92
58,30.08
58,30.08
58,29.92
58,30.24
59,30.08
59,30.00
59,30.08
59,29.75
58,30.08
58,29.92
58,30.08
58,30.49
58,29.83
58,29.67
59,29.83
59,30.00
59,29.92
59,30.00
59,30.24
58,30.41
58,30.41
58,29.92
58,30.41
58,30.49
59,30.08
58,30.57
58,30.24
59,29.92
58,30.49
59,29.92
58,29.67
58,29.75
58,29.59
58,29.75
58,29.83
59,29.50
59,29.92
59,30.00
59,30.49
59,29.67
58,30.41
58,30.08
58,29.83
58,30.16
58,29.92
59,30.57
59,30.33
58,29.50
59,29.67
59,30.00
58,30.00
58,29.83
58,30.41
58,29.83
58,30.16
59,29.75
58,30.08
59,29.59
58,30.08
59,29.75
58,29.83
58,30.00
58,30.49
58,30.00
58,30.00
59,30.16
58,29.83
59,29.50
58,29.59
59,29.34
58,29.59
58,29.92
58,29.50
58,30.00
58,30.00
59,29.34
58,29.18
59,29.67
58,29.59
58,29.92
58,29.92
58,29.92
59,30.24
59,29.83
58,29.92
58,29.92
58,30.08
59,30.08
60,29.09
62,29.67
62,29.92
60,30.00
58,29.92
57,29.92
56,29.75
57,30.08
58,29.42
59,30.00
60,29.92
60,30.08
59,30.24
58,30.00
58,29.75
58,29.59
59,29.59
58,29.34,D_OPEN,20871
57,29.42
58,29.18
58,29.42
58,29.09
58,29.18
59,29.09
59,28.60
58,28.60
59,29.34
58,28.85
59,28.76
58,29.18
57,29.59
59,29.34
59,29.34
58,29.18
58,28.85
59,29.01
59,29.26
58,29.50
58,29.34
58,29.01
59,29.34
58,29.26
59,29.18
59,29.50
58,29.18
58,29.01
58,29.26
58,29.18
59,28.93
58,29.50
58,29.50
59,29.42
58,29.42
59,29.09
58,28.93
58,29.09
58,29.18
59,29.59
58,29.42
59,29.18
59,29.50
59,29.34
58,29.26
59,29.26
59,29.18
58,29.75
59,29.09
58,29.09
59,29.09
59,29.09
58,29.09
59,29.09
58,29.09
59,28.93
59,29.18
59,29.50
58,29.26
58,28.93
59,29.50
58,29.01
59,29.50
58,29.42
58,29.50
58,29.09
59,29.09
59,29.26
59,29.18
58,29.09
58,28.93
59,29.09
59,29.18
58,29.59
58,29.34
58,29.01
58,28.43
59,28.76
59,29.01
58,29.42
59,29.18
58,29.34
58,29.18
58,29.42
58,29.01
58,29.42
58,28.93
58,29.42
59,29.50
58,29.34
58,29.34
58,29.83
58,29.50
58,29.01
59,29.34
59,29.50
58,29.34
58,29.59
59,29.42
58,29.83
58,29.26
59,29.50
58,29.42
58,29.09
59,29.09
58,29.26
58,29.67
58,28.85
59,29.42
58,29.83
58,29.34
58,29.26
58,29.26
59,29.50
59,29.01
58,29.67
58,29.67
58,29.34
59,29.26
59,28.85
58,29.75
59,29.59
58,29.34
58,29.75
58,29.01
59,28.85
59,29.42
58,29.01
58,29.50,D_CLOSE,28247
59,29.42
58,29.01
59,29.50
58,29.50
58,29.34
57,29.50
58,29.59
58,29.18
58,29.26
58,29.42
59,29.26
58,29.75
58,29.09
59,29.59
58,29.42
58,28.93
59,28.93
59,29.34
59,29.75
58,29.42
58,28.93
58,28.93
58,29.50
58,28.85
58,29.26
59,28.93
58,29.59
59,29.01
59,29.09
59,29.34
58,28.68
58,28.68
58,29.50
59,29.75
58,29.42
58,29.50
59,29.01
59,29.26
58,28.93
59,29.09
58,29.67
58,29.09
58,29.01
58,29.09
59,29.09
58,29.01
59,28.93
59,28.85
59,29.50
59,29.18
59,28.85
58,29.42
58,29.42
59,29.26
59,29.42
59,28.76
59,28.85
59,29.01
59,29.01
58,29.34
58,29.59
58,29.09
58,29.67
58,29.34
58,29.34
59,29.26
59,29.50
59,29.67
58,29.18
59,29.59
59,29.18
58,29.18
59,29.09
58,29.34
58,29.26
59,29.18
58,29.01
58,29.26
59,29.18
58,29.42
59,29.26
58,29.34
58,29.26
58,29.50
58,29.34
59,29.34
59,29.34
59,29.42
59,29.83
59,29.59
58,29.50
58,29.92
58,29.50
58,29.50
58,29.42
58,29.83
59,29.67
59,29.18
59,29.42
59,29.50
58,29.34
58,29.59
58,29.26
58,29.34
58,29.67
58,29.83
58,29.50
58,29.75
58,29.50
58,29.92
58,29.83
58,29.75
59,30.16
58,29.83
59,29.50
59,29.34
58,29.67
59,29.83
59,29.83
58,29.34
58,30.08
59,29.50
58,29.75
58,29.92
59,30.16
58,29.83
58,29.92
59,30.24
58,29.67
58,29.83
58,29.75
58,30.00
58,30.57
58,29.67
59,30.08
59,29.83
58,30.41
59,29.92
58,30.24
58,29.59
58,29.59
58,29.50
58,29.50
58,30.08
58,30.08
58,29.67
58,29.67
58,30.08
59,30.08
58,30.08
58,30.41
58,30.16
57,29.92
57,29.59
56,29.67
56,29.59
56,30.08
56,30.08
56,29.34
57,29.50,E_START,-31918
57,29.75
56,30.16
56,29.42
56,29.59
56,29.67
56,29.34
56,30.08
56,30.49
56,30.16
57,29.42
57,29.75
57,29.34
56,29.83
56,29.83
56,29.34
56,29.42
57,29.59
56,29.34
57,29.75
57,29.34
57,29.59
57,29.34
57,29.18
56,29.18
56,29.59
56,29.26
57,29.67
58,29.50
59,29.83
59,29.42
59,29.59
59,29.42
59,29.26
59,29.75
58,29.67
57,29.50
58,29.50
58,29.26
59,29.26
59,29.59
58,29.26
59,29.26
59,29.18
58,29.26
58,29.09
58,29.42
58,28.93
58,29.34
58,29.26
59,29.26
59,28.60
58,29.42
58,29.26
59,29.59
59,29.09
58,28.93
58,29.01
58,29.26
59,29.83
58,29.01
58,29.34
58,29.42
58,29.26
58,29.26
59,29.18
59,28.52
59,29.26
58,29.09
58,28.27
59,29.18
59,28.43
58,28.43
58,29.18
58,28.60
58,28.76
58,28.52
58,29.26
58,28.76
59,28.60
58,28.85
58,29.01
58,28.60
58,28.52
58,28.43
59,28.43
58,28.76
59,28.93
58,28.19
59,28.68
59,28.60
58,28.85
58,28.93
58,28.68
58,28.60
58,28.19
59,28.43
59,28.43
58,28.11
58,28.43
58,28.68
58,27.86
58,28.35
59,28.19
58,28.27
58,27.78
58,28.19
58,27.94
58,28.27
58,28.19
58,27.69
58,28.11
58,28.27
58,28.19
58,28.02
58,28.19
58,28.11
59,27.69
59,28.02
58,28.27
58,27.78
59,27.53
58,27.53
58,27.78
59,27.36
59,28.35
58,27.78
58,27.36
59,27.61
58,27.94
58,27.78
59,27.86
58,27.20
58,28.11
58,28.11
59,27.45
58,26.95
58,27.94
59,27.45
59,27.94
58,27.94
58,28.11
58,27.36
58,28.19
58,28.43
58,28.11
58,27.45
59,27.61
58,27.94
58,27.45
58,28.27
59,27.94
58,27.53
58,27.45
59,27.04
58,27.86
58,27.78
59,27.12
58,27.04
58,26.95
58,27.28
58,27.53
58,27.36
59,27.36
58,26.87
59,26.71
58,27.36
58,27.45
59,26.71
58,27.04
58,27.28
58,27.20
59,27.28
58,27.12
58,27.12
58,27.04
58,26.54
58,27.28
58,26.87
58,27.12
58,27.53
58,27.20
59,26.95
58,27.20
58,26.54
58,27.04
58,26.95
58,26.62
59,26.95
58,27.20
59,26.95
59,26.95
59,27.12
59,26.38
58,26.79
58,26.38
58,26.95
58,27.12
58,27.04
58,26.62
59,26.71
58,26.71
59,26.46
58,26.79
58,26.54
59,26.29
59,26.21
59,26.46
58,25.97
58,26.13
58,26.38
59,26.29
58,26.46
58,26.38
59,26.54
59,26.71
58,26.29
59,26.46
59,26.62
58,26.54
58,26.54
58,26.38
58,26.29
58,26.13
58,26.38
58,26.46
58,26.38
58,26.62
58,26.29
58,25.88
58,26.21
58,26.29
58,26.21
58,26.05
58,26.05
59,26.13
58,25.97
59,26.29
59,26.05
58,26.05
58,25.97
58,25.88
58,25.47
58,26.38
58,25.64
59,25.97
59,25.97
58,25.47
58,25.80
59,26.05
58,25.97
58,25.88
59,25.80
58,25.80
58,26.05
58,25.97
58,26.13
58,26.21
59,25.88
58,26.21
59,26.21
59,25.80
58,25.55
58,25.64
58,25.55
58,25.31
59,25.14
58,25.55
59,25.39
59,25.14
59,25.39
59,25.80
59,25.88
58,25.55
58,25.31
58,25.31
58,25.22
58,25.31
59,25.22
59,25.39
58,25.55
59,25.06
59,25.72
58,25.06
58,25.22
58,25.64
58,25.72
58,25.22
58,25.55
59,25.55
58,25.55
58,25.22
59,25.55
58,25.64
58,25.31
59,25.64
58,25.14
58,24.98
58,25.55
58,25.06
58,24.98
58,25.55
58,24.98
59,25.06
59,24.81
58,25.22
58,24.90
58,25.31
58,25.06
58,24.57
58,24.40
58,24.90
58,25.14
58,25.39
58,25.06
58,24.81
59,24.81
58,24.65
59,25.06
58,25.22
58,25.06
58,25.14
58,24.65
58,24.98
58,24.24
59,25.06
59,24.65
59,24.73
58,24.65
58,24.73
58,24.48
58,24.32
59,24.32
58,23.99
58,24.40
58,24.57
58,24.07
58,24.48
58,24.48
59,24.57
59,23.91
58,23.83
59,23.99
59,24.24
58,24.24
59,24.16
58,24.24
58,24.16
59,24.40
58,23.91
58,24.16
58,24.73
58,24.32
58,23.99
59,23.58
59,24.24
58,23.99
58,24.57
58,24.16
58,23.83
58,23.91
58,23.99
58,24.07
59,23.58
58,23.91
58,23.99
58,24.07
59,24.40
58,24.16
58,23.66
59,23.74
58,23.66
58,23.91
59,23.91
59,23.83
58,23.74
58,23.83
58,23.83
58,23.83
58,23.50
58,24.07
59,24.07
58,23.50
58,23.83
59,23.74
58,23.66
58,23.17
58,23.74
58,23.91
59,23.83
59,23.66
59,23.91
58,23.09
59,23.25
59,23.25
58,23.25
58,23.74
58,23.17
58,23.00
59,23.42
59,23.58
58,23.17
58,23.00
59,23.42
58,23.25
58,23.66
58,24.16
59,23.17
58,23.00
59,23.83
58,23.58
58,23.58
59,23.50
59,23.00
58,22.92
59,22.76
58,23.25
58,23.17
58,22.92
58,22.84
58,22.84
58,23.00
59,22.92
58,22.59
58,23.00
59,23.17
58,22.84
59,23.09
59,22.76
58,22.68
58,23.17
59,22.84
58,23.09
58,22.92
58,23.09
58,22.76
58,23.25
59,23.00
59,22.68
58,22.92
58,22.76
58,23.00
58,23.33
59,23.17
58,22.26
58,22.76
58,22.68
58,22.59
58,22.84
58,22.26
58,22.76
59,22.59
58,22.26
58,22.68
59,23.00
59,22.43
59,22.51
60,22.84
60,22.76
60,22.68
60,22.51
59,22.59
59,22.76
59,22.26
59,22.59
59,22.68
60,22.35
60,22.26
60,22.43
59,22.43
59,22.43
59,22.59
59,21.85
59,22.43
60,21.94
59,21.77
60,22.51
59,22.43
59,22.26
59,22.43
59,22.35
60,21.77
60,21.85
60,22.26
59,21.77
60,22.18
60,22.18
59,21.94
60,22.51
59,21.69
59,22.10
59,22.10
60,21.77
59,22.51
59,22.68
59,21.94
59,22.10
59,22.02
59,21.85
59,22.10
59,22.02
59,22.18
60,21.94
59,22.43
59,22.10
59,21.94
59,22.26
59,22.26
59,22.35
59,22.51
59,22.51
59,22.43
59,23.00
59,22.59
58,22.02
58,22.35
58,22.68
59,22.59
59,22.43
58,22.26
59,22.10
59,22.26
59,21.94
58,22.18
59,22.10
58,22.18
58,21.85
58,22.02
58,22.18
59,21.61
58,22.10
59,22.26
59,21.85
59,22.18
58,21.85
58,21.77
58,22.18
58,22.02
58,21.85
59,21.85
58,21.85
59,22.43
58,22.26
58,21.85
58,21.77
58,21.94
58,22.18
58,21.85
58,21.85
58,21.85
58,21.69
59,21.85
58,21.77
58,21.69
58,21.85
59,21.44
58,22.10
58,21.85
58,21.94
58,21.77
59,21.85
58,22.02
58,22.84
58,22.02
58,22.10
58,21.85
58,21.85
58,22.35
58,22.26
58,22.51
59,21.94
59,22.18
58,22.10
58,22.51
58,21.94
58,22.18
58,22.10
58,22.10
58,22.43
58,21.69
58,21.85
59,21.61
58,22.10
58,21.61
58,22.10
59,22.02
58,21.61
59,22.02
58,21.52
58,21.85
58,21.69
58,21.85
58,21.69
58,21.85
58,21.77
58,22.10
58,22.43
59,21.69
59,22.26
59,22.26
58,21.85
58,21.94
58,22.10
58,21.61
58,21.94
60,22.02
61,22.10
62,22.26
61,22.02
60,22.26
58,21.85
56,22.02
56,22.18
57,22.02
58,22.35
59,22.02
60,21.69
58,21.77
58,21.77
57,22.10
58,21.61
72,21.69
59,21.28
59,21.36
59,21.36
58,21.36
58,21.28
58,22.10
59,20.95
58,21.69
59,20.95
58,20.78
59,21.19
59,21.36
59,21.61
59,21.28
59,21.44
58,21.36
58,21.69
58,21.44
58,21.69
59,21.28
59,21.77
58,21.44
58,21.94
58,20.95
59,21.36
58,21.69
59,21.69
58,21.61
58,21.36
59,20.87
59,21.28
59,21.11
59,21.69
58,21.52
58,21.36
59,21.61
59,21.28
58,21.61
58,21.77
58,21.52
59,21.19
58,20.95
58,21.19
58,21.19
59,21.77
58,21.36
59,21.28
59,21.52
59,21.03
59,21.61
58,21.03
58,20.95
58,21.11
58,21.36
58,21.61
59,21.19
59,21.11
58,21.61
58,21.28
58,21.11
58,21.19
59,21.52
58,21.52
59,21.28
58,21.94
59,21.94
59,21.77
58,21.19
58,21.36
59,21.52
58,21.61
59,21.28
59,20.87
58,21.19
59,21.11
58,21.77
59,21.44
59,21.61
58,21.85
58,21.28
58,21.19
58,21.52
58,21.03
59,21.69
58,21.94
58,22.02
58,21.52
59,21.28
59,21.61
58,21.69
58,22.02
58,21.36
59,21.52
59,21.44
58,21.61
58,21.11
59,21.44
58,21.11
58,21.77
59,21.69
59,21.85
59,21.61
59,21.44
58,21.52
58,21.69
59,21.28
58,21.85
58,21.36
59,21.44
59,21.69
59,21.77
58,21.52
58,21.94
58,21.94
59,21.61
58,22.26
58,21.44
59,21.28
58,21.69
59,21.69
59,21.44
59,21.69
58,22.26
58,21.44
59,21.36
59,21.52
58,21.44
59,21.44
58,21.11
58,21.52
58,21.44
59,21.28
58,21.28
58,21.19
58,21.28
58,21.11
59,21.28
58,21.44
58,21.69
59,21.36
58,21.44
59,21.11
59,21.11
58,21.61
58,21.11
58,21.28
58,21.19
58,21.11
59,21.36
58,21.44
58,21.28
58,21.36
58,21.11
59,21.69
58,21.11
58,21.28
58,21.44
59,21.61
58,21.28
58,21.36
58,21.19
58,21.28
58,21.36
58,21.36
58,21.28
58,22.18
58,21.77
59,21.44
58,21.03
58,21.69
59,21.52
58,21.03
58,21.44
59,21.61
59,21.36
59,21.28
58,21.03
58,21.11
58,21.36
58,21.36
59,21.11
58,21.61
58,21.44
58,21.52
58,21.28
59,21.69
59,21.77
58,21.52
58,21.44
59,21.36
59,21.36
59,21.28
59,21.36
58,21.61
58,21.44
59,21.52
59,21.19
58,21.36
58,21.69
58,21.28
59,21.28
59,21.28
58,21.36
58,21.11
58,21.77
59,21.85
58,22.02
59,21.77
59,22.26
58,22.10
59,22.18
59,21.61
59,21.77
58,21.94
58,21.61
58,21.77
59,22.02
58,22.02
58,22.02
58,22.02
58,22.18
58,21.94
59,22.02
58,22.10
58,22.10
58,22.10
58,21.85
59,22.10
58,22.10
59,22.51
58,22.10
58,22.18
58,22.10
59,22.18
58,22.51
58,22.59
58,22.43
58,21.85
59,22.35
58,22.43
58,22.10
58,22.43
59,22.51
59,22.02
58,22.43
58,22.68
58,22.02
60,21.94
59,22.68
59,22.59
58,22.26
58,21.85
59,22.10
58,22.59
58,22.59
59,22.18
58,22.18
58,22.26
59,22.10
58,22.10
59,21.94
59,22.51
59,22.02
58,21.77
57,21.69
58,22.02
58,22.35
59,22.26
58,22.35
59,22.59
59,22.10
58,22.10
58,22.10
58,22.02
58,21.85
59,21.94
59,22.10
59,21.85
59,21.85
57,22.51
58,22.02
58,22.10
58,22.26
59,22.51
59,22.43
59,21.85
59,21.61
59,22.18
58,22.43
59,21.85
58,22.02
59,21.77
57,22.68
58,22.26
58,21.77
59,21.77
58,21.69
58,21.77
58,22.35
59,22.02
59,22.02
53,22.18
55,22.59
60,22.35
58,22.18
59,22.35
58,22.26
58,22.10
59,22.26
58,22.35
58,22.35
58,22.18
58,21.94
58,22.10
59,22.43
58,22.10
58,21.85
58,21.94
58,22.10
59,22.26
58,22.35
58,22.18
58,21.77
59,22.02
58,21.85
58,22.10
57,22.10
57,21.85
56,22.43
56,22.26
56,22.10
56,22.10
57,21.77
58,22.02
56,22.26
57,22.02
56,22.18
54,22.43
56,22.26
56,22.18
56,22.10
56,22.02
57,22.02
59,22.51
56,22.43
56,22.92
56,22.35
56,22.68
56,22.18
56,22.02
56,22.02
56,22.35
57,22.35
57,22.18
56,22.10
56,22.10
57,22.43
56,22.10
56,22.10
57,22.10
58,22.43
59,22.43
59,21.77
59,22.18
59,22.26
58,21.94
58,21.94
57,21.77
58,22.02
58,22.35
58,21.69
59,21.77
59,21.94
58,21.36
58,21.94
58,22.02
58,21.85
59,22.10
58,22.26
58,21.28
59,21.61
58,21.69
59,21.69
58,21.52
58,21.69
58,22.02
58,22.02
58,21.44
58,21.52
58,21.52
59,21.61
57,21.19
59,20.54
58,20.87
58,21.28
58,20.78
58,20.54
58,20.95
58,21.11
58,21.03
58,20.70
58,21.36
59,21.44
58,21.11
58,21.28
59,21.19
59,21.44
58,20.70
58,20.62
58,21.61
58,20.95
58,21.28
58,21.36
58,21.03
58,20.95
58,21.11
59,20.95
58,20.95
58,21.28
58,20.95
59,20.70
59,21.19
58,21.11
58,21.03
58,21.19
59,20.62
59,20.78
59,20.78
58,20.70
59,20.62
58,20.70
58,20.78
58,20.95
59,20.62
58,20.70
58,20.45
58,20.45
59,20.70
58,20.70
58,20.70
58,20.87
58,20.45
59,20.29
58,21.03
59,20.78
58,20.95
58,19.80
58,20.45
58,20.29
58,20.54
58,20.29
58,20.54
58,20.04
58,20.45
58,19.80
58,19.88
58,20.29
58,20.13
59,20.21
58,20.70
58,20.13
58,19.80
59,19.96
59,20.13
59,20.21
58,20.45
58,20.37
58,20.37
58,20.21
58,20.29
59,20.37
58,20.37
59,20.45
58,19.71
57,20.29
58,20.70
58,19.96
58,19.63
58,19.63
58,20.04
59,19.96
58,19.80
58,20.13
58,19.96
59,20.13
58,19.63
58,19.96
58,20.37
58,19.71
59,19.88
58,19.63
58,20.37
58,20.04
59,20.21
58,19.39
58,20.04
58,20.29
58,19.71
58,19.80
58,20.37
58,20.37
59,19.47
58,19.88
58,19.47
58,19.96
59,19.63
59,19.30
58,19.39
59,19.47
58,19.88
58,19.96
59,20.13
58,19.80
58,20.45
58,19.96
58,19.63
59,19.30
58,19.06
59,19.30
58,18.98
58,19.80
58,18.98
58,19.63
59,20.04
58,19.39
58,19.88
59,19.39
59,18.98
58,19.39
58,19.55
58,19.14
58,19.14
59,19.22
58,19.47
59,18.81
59,18.73
58,18.98
59,18.81
58,18.98
58,19.55
58,18.65
58,18.65
59,18.89
58,19.22
58,18.73
59,18.81
59,19.22
59,19.14
60,19.06
59,19.06
60,19.14
60,19.30
59,18.65
59,19.30
59,18.65
59,19.14
69,18.73
59,18.81
59,18.32
60,18.40
60,18.65
59,18.73
59,18.65
59,18.89
59,18.98
59,18.56
60,18.56
60,18.73
60,18.32
59,18.65
59,18.73
60,18.65
59,18.81
60,18.65
60,18.56
59,18.81
60,18.48
59,19.14
59,18.65
60,18.89
60,18.98
60,18.73
59,18.89
60,18.56
59,18.40
59,18.23
59,18.23
59,18.89
59,18.73
59,18.40
59,18.40
60,18.23
59,18.32
59,18.32
59,18.73
59,18.73
60,18.40
59,18.89
59,18.48
59,18.32
59,18.40
59,18.15
59,18.56
59,18.15
59,18.40
59,18.07
59,17.99
58,18.23
58,18.23
58,17.99
59,18.23
59,18.56
58,18.65
58,18.40
58,18.89
58,18.23
58,18.23
58,18.15
58,18.73
58,19.14
59,18.40
59,18.65
58,18.48
58,18.40
58,18.07
58,18.23
58,18.32
58,18.40
59,18.32
58,18.07
58,18.23
59,18.48
58,18.23
59,18.07
58,18.56
59,18.07
58,18.40
58,18.73
58,18.40
58,18.40
58,18.65
58,18.48
58,18.40
58,18.89
58,18.98
58,18.56
58,18.07
58,18.40
59,18.40
59,18.32
58,18.15
59,18.48
59,18.23
59,18.32
58,18.15
58,18.56
58,18.98
59,18.65
59,18.48
58,18.32
58,18.40
58,18.56
58,18.23
58,18.40
58,18.32
58,18.07
58,18.56
58,18.32
59,18.07
58,17.99
58,18.32
59,18.48
59,18.15
58,18.56
58,18.32
58,18.73
58,18.15
58,18.07
59,18.56
59,18.32
59,18.32
58,18.15
58,18.40
59,18.73
58,17.99
58,18.07
58,18.32
59,18.23
58,18.48
59,18.32
58,18.48
58,18.40
58,18.32
58,18.32
58,18.32
59,18.15
59,18.23
59,18.48
58,18.56
59,18.40
58,18.56
58,18.40
58,18.32
58,18.56
58,18.48
59,18.56
58,18.23
58,18.73
59,18.73
59,18.48
61,18.23
62,18.65
61,18.65
58,18.56
57,18.32
56,18.23
56,18.65
58,18.65
59,18.56
60,18.81
60,18.48
59,18.98
57,18.73
57,18.32
58,18.15
59,18.07
59,17.91
59,17.91
59,17.74
58,17.74
58,17.74,D_OPEN,-16346
58,17.91
59,17.41
59,17.41
59,17.58
58,17.41
58,17.08
58,17.41
58,17.91
59,17.41
58,17.49
59,17.91
59,17.82
59,17.41
58,17.66
59,17.99
58,17.49
58,17.74
58,17.74
58,17.41
58,17.74
59,18.07
58,17.99
58,17.99
58,17.66
58,17.74
59,17.17
59,17.99
58,17.33
58,17.49
58,17.74
59,17.74
58,17.66
58,17.33
59,17.25
59,17.41
58,17.99
59,17.08
58,17.17
58,17.74
58,17.00
58,17.08
58,17.66
59,17.74
58,17.74
59,17.82
59,17.58
59,17.49
59,17.49
58,17.82
59,17.66
58,17.82
59,17.66
58,17.33
58,17.49
58,17.74
58,18.07
58,18.32
58,17.99
59,17.74
57,18.07
59,17.91
59,17.74
59,17.58
58,17.74
58,17.82
58,17.74
58,17.74
58,17.66
59,17.58
58,17.82
59,17.49
59,17.74
59,17.49
58,17.33
58,17.58
59,17.74
58,17.00
59,17.33
58,17.58
58,17.25
59,17.17
59,17.99
58,17.00
58,17.33
59,17.49
58,17.08
58,17.74
58,17.74
58,17.58
58,17.08
58,17.91
58,17.74
58,17.91
58,17.08
59,17.66
58,17.41
58,17.91
59,17.49
59,17.41
59,17.74
58,17.82
58,17.33
58,17.41
59,17.49
58,17.91
58,17.58
59,17.82
59,17.91
59,17.91
59,17.41
58,17.33
58,17.74
59,17.66
59,17.58
58,17.74
58,17.49
59,18.23
59,18.07
58,17.41
58,17.99
59,17.74
58,18.40
58,17.08
58,17.82
59,17.91
58,17.41
58,17.82
58,17.49
58,17.74
59,17.74
59,17.33
59,17.74
58,17.74
58,17.00
58,17.25
59,17.41
58,17.41
58,17.82
58,17.82
58,17.17
58,17.82
59,17.17
59,17.33
58,17.25
59,17.33
58,17.17
58,17.49
59,17.33
59,17.41
58,17.41
58,16.59
58,17.00
59,18.23
59,17.41
58,18.23
58,17.82
58,17.49
58,17.49
59,17.58
59,17.82
58,17.33
59,17.82
58,17.74
58,18.15
58,17.33
58,17.99
58,17.91
58,17.91
58,17.74
59,17.82
59,17.99
59,17.49
58,17.82
59,17.49
58,17.66
58,17.49
58,18.07
58,18.23
58,18.32
58,17.66
59,17.82
58,17.66
58,17.82
58,17.49
59,17.66
58,17.91
58,17.99
58,17.66
59,17.82
58,18.15
58,17.66
58,17.99
58,17.49
58,17.91
58,17.41
58,17.00
58,16.92
59,17.00
58,17.91
58,17.66
59,17.74
58,17.66
58,17.82
58,18.07
58,17.74
59,17.66
59,18.23
58,17.66
58,18.07
58,17.99
58,17.82
58,17.66
58,17.66
59,17.49
58,17.74
58,17.82
59,18.07
58,17.66
58,17.82
59,17.99
58,17.99
59,17.66
59,18.32
58,18.15
58,17.82
58,17.58
59,17.82
59,17.49
58,17.33
58,17.25
59,17.74
59,17.58
59,17.33
59,17.49
58,17.58
59,17.66
59,17.74
58,17.66
58,17.74
59,17.66
58,17.41
59,17.58
58,17.49
58,17.66
58,17.49
58,17.49
59,17.58
58,17.25
59,17.41
58,17.33
59,17.33
58,17.82
58,17.41
59,17.58
58,17.49
58,17.82
59,17.33
58,17.17
58,17.49
59,17.66
58,17.58
58,17.41
58,17.58
59,17.33
58,17.66
59,17.66
58,17.49
58,17.49
58,17.33
58,17.33
59,17.91
58,17.82
58,17.74
58,18.40
59,17.82
59,17.91
58,17.82
58,17.99
58,17.49
58,17.82
59,18.15
58,17.66
58,17.66
58,17.49
58,17.17
59,17.58
58,18.07
59,17.74
59,17.49
59,17.66
58,18.32
59,17.82
58,18.23
58,18.23
58,17.49
58,17.41
58,18.15
58,17.74
58,17.82
59,18.23
58,18.15
58,17.91
58,17.74
58,18.15
58,18.15
58,17.82
58,18.15
58,18.07
58,18.32
58,17.82
59,18.56
59,18.32
59,18.40
59,18.32
58,18.32
59,18.07
58,18.48
58,17.99
59,17.91
58,18.23
59,17.82
58,17.41
58,17.74,D_CLOSE,-11060
58,18.23
57,17.99
58,17.74
59,18.32
58,18.48
58,18.40
59,18.23
58,18.23
58,18.40
58,18.07
58,18.23
59,17.82
58,18.32
59,18.15
58,17.99
58,18.23
59,17.91
58,17.82
59,17.74
58,17.74
58,18.23
58,17.74
58,18.48
58,18.23
59,18.23
58,17.91
58,18.32
58,18.32
58,18.32
58,18.32
58,18.07
59,17.99
59,18.40
58,18.15
58,18.32
59,17.91
59,18.15
59,17.58
58,18.23
58,18.40
58,18.40
58,18.40
58,18.65
58,18.65
59,18.23
59,17.91
58,18.23
58,17.82
59,18.23
58,18.56
58,18.07
58,17.82
58,17.91
59,17.74
58,18.32
59,17.91
58,18.40
59,17.66
59,17.91
58,17.74
58,17.66
58,17.74
58,17.58
59,18.56
58,18.15
58,18.48
58,18.32
58,18.23
58,18.48
58,18.32
58,17.91
60,17.82
57,18.48
59,17.99
60,18.15
61,18.15
63,18.56
63,18.32
63,17.66
63,18.32
62,18.40
60,17.74
60,17.99
61,18.23
61,18.23
62,17.82,E_START,-4502
65,18.40
62,18.48
61,18.32
62,18.40
59,17.99
60,18.23
61,17.99
61,18.15
61,18.15
61,17.82
62,17.58
61,18.07
61,18.15
60,18.32
61,18.23
61,18.56
60,18.56
61,18.48
60,18.40
60,18.56
59,18.81
60,18.48
61,18.65
60,19.14
59,18.98
58,18.98
58,19.22
57,19.14
58,19.14
58,18.81
59,18.56
58,18.73
58,18.81
58,18.81
59,19.22
59,19.22
59,18.73
58,18.89
59,19.14
58,19.55
58,19.22
59,19.06
59,18.81
60,19.22
59,19.14
58,19.63
57,19.06
58,19.30
58,19.06
59,19.14
59,18.98
58,19.47
58,19.22
58,19.06
58,19.63
58,19.30
59,19.06
59,19.47
59,19.63
57,19.80
58,19.88
58,19.80
59,19.55
59,19.55
59,19.88
59,19.55
58,19.55
57,19.63
58,19.80
59,19.47
60,19.55
59,19.88
58,20.21
57,19.88
58,19.88
57,20.04
59,19.63
58,19.88
58,20.29
59,20.29
58,20.37
58,20.21
59,20.21
59,20.13
59,20.21
59,20.13
58,20.13
58,20.04
58,20.29
59,20.21
59,20.29
59,20.29
58,20.29
58,20.45
58,20.62
59,20.29
59,20.13
59,20.29
58,20.45
58,20.62
58,20.45
58,20.62
59,20.13
59,20.37
59,20.62
58,20.95
57,20.78
58,20.70
59,20.54
59,20.70
59,20.78
59,20.78
58,20.78
57,20.95
59,20.95
58,20.87
59,20.87
59,21.03
58,20.87
57,20.78
59,20.87
58,21.44
58,21.28
58,21.36
58,21.85
58,21.19
58,20.87
57,21.19
59,21.61
59,21.28
59,21.03
59,20.95
58,21.36
58,21.52
59,21.69
58,21.61
58,21.77
59,21.69
58,21.52
58,21.61
58,21.52
58,21.61
59,21.61
60,21.69
58,21.61
58,21.77
58,21.77
59,21.44
59,21.94
58,21.94
59,21.77
59,21.69
58,21.61
57,22.10
58,21.69
58,21.94
59,21.69
59,21.94
58,22.26
59,21.94
59,21.77
58,21.69
58,22.02
58,21.85
59,22.59
59,22.35
58,21.94
58,22.10
59,22.35
58,22.10
59,22.10
59,21.85
58,22.10
58,22.76
58,22.10
58,21.85
59,22.68
59,22.18
59,22.51
58,22.84
58,22.59
58,22.59
59,22.35
58,22.43
58,23.00
59,23.00
58,22.68
58,22.76
59,22.92
58,22.43
58,22.43
59,22.84
58,22.84
59,22.84
58,22.35
58,23.09
58,22.84
59,22.76
59,22.51
59,22.76
59,22.76
58,23.33
58,23.00
57,23.09
57,22.84
59,23.25
58,22.84
58,23.25
59,22.84
58,22.92
58,23.17
59,23.09
58,22.84
60,23.00
59,23.33
58,23.25
58,23.42
59,23.17
58,23.33
60,23.42
60,23.00
58,23.42
58,22.92
58,23.58
57,23.50
59,23.33
59,23.33
58,23.33
59,23.58
58,23.17
57,23.66
58,23.50
58,23.17
59,23.50
59,23.50
58,23.42
57,23.58
58,23.58
58,23.42
59,23.91
59,24.07
59,23.91
59,23.83
58,23.74
57,23.91
59,23.74
59,24.07
59,24.16
60,23.74
58,24.32
58,23.91
58,23.83
57,24.24
58,24.65
60,24.32
58,24.16
58,24.32
58,24.48
58,24.40
59,24.90
59,24.57
59,24.24
59,24.73
58,24.73
57,24.32
58,24.65
59,24.48
58,24.98
60,24.81
58,24.98
59,24.81
58,24.90
58,25.22
59,24.90
59,24.65
58,25.06
59,24.48
58,25.22
58,24.48
59,25.14
59,25.31
58,25.06
59,25.22
58,25.22
58,24.98
59,25.22
58,24.48
58,24.90
60,24.57
58,24.98
58,24.32
58,24.73
57,25.14
59,25.06
58,24.90
58,25.22
59,25.47
59,25.31
58,25.31
58,25.31
58,25.64
58,25.88
59,25.55
56,25.72
55,25.97
55,25.72
53,25.88
54,25.80
56,25.64
55,25.97
56,25.80
56,25.72
55,25.55
56,25.72
55,25.97
54,26.29
54,25.97
54,25.88
55,25.47
55,25.31
55,25.31
55,25.80
61,25.80
55,26.05
55,26.13
55,25.64
55,25.22
56,26.46
56,25.72
56,25.88
57,25.47
57,26.38
57,25.72
57,25.97
58,26.38
57,26.62
59,26.29
58,25.64
59,25.64
59,26.13
58,26.46
59,26.71
59,26.05
58,26.46
58,26.13
58,25.97
59,25.80
59,26.29
58,26.13
58,26.46
59,26.38
58,26.05
58,25.97
58,26.46
58,25.64
59,26.38
58,26.71
58,26.46
58,25.72
59,25.80
58,25.47
59,25.55
59,26.13
59,25.72
58,25.64
58,25.72
59,25.80
59,25.39
58,25.80
58,26.13
58,25.47
58,25.47
58,26.13
58,25.88
58,26.46
58,26.05
58,26.05
59,25.88
59,25.80
58,25.97
58,25.88
58,25.39
58,25.64
58,25.64
58,25.72
58,25.97
59,26.13
59,25.88
58,25.97
58,26.05
58,25.97
58,25.88
58,25.88
58,25.80
58,25.88
59,26.05
59,25.64
58,26.13
58,25.80
58,25.97
58,26.38
59,25.80
59,26.05
58,26.05
58,26.38
58,26.13
58,25.97
59,25.88
58,25.88
58,26.05
58,25.97
59,25.80
59,26.05
58,25.80
58,25.97
59,25.88
59,25.88
58,26.13
58,25.80
58,25.88
59,26.21
58,25.55
58,25.64
58,25.80
58,25.72
58,25.88
59,25.88
59,25.88
58,24.98
59,25.47
59,25.64
59,25.47
58,26.46
58,25.97
58,25.88
58,25.64
59,25.80
58,26.21
58,25.55
59,25.64
59,26.21
58,25.72
58,25.88
59,25.72
58,25.80
59,25.97
59,25.47
59,25.64
58,25.80
58,25.72
59,25.97
58,25.64
58,25.97
58,26.79
58,25.97
59,25.88
58,25.64
58,25.97
58,25.80
59,25.80
59,25.64
59,25.72
58,25.97
58,25.97
58,25.97
58,25.97
58,25.72
58,25.97
58,25.97
59,25.88
59,25.97
58,26.13
58,26.13
58,25.80
59,26.29
59,25.55
59,25.88
58,26.13
58,25.80
59,26.38
59,25.97
58,26.21
58,26.21
58,25.97
58,25.64
58,26.05
56,25.80
56,25.55
57,26.21
60,25.22
60,25.80
59,25.80
58,25.97
57,25.72
58,25.55
58,26.21
59,25.64
59,25.72
58,26.13
58,26.46
58,26.13
59,25.72
60,25.72
58,25.64
58,26.05
59,25.72
58,25.47
58,25.88
59,25.72
59,25.88
58,25.64
58,25.06
58,25.39
59,25.22
63,24.98
58,24.98
59,25.55
59,25.39
58,24.98
59,24.48
56,25.39
59,24.73
58,24.48
58,24.81
60,24.98
58,24.98
58,25.14
58,25.72
58,24.73
59,25.06
58,25.14
58,25.64
58,25.22
58,25.97
58,25.31
59,25.22
59,24.98
58,24.98
59,25.31
57,24.98
59,25.22
58,25.06
58,25.06
57,25.14
58,25.14
58,25.22
58,25.06
59,24.81
58,25.22
58,25.14
58,25.06
58,25.47
58,25.39
59,25.64
58,25.06
59,25.06
58,25.06
58,25.80
58,25.55
58,25.39
59,25.31
58,24.98
58,24.24
58,25.06
58,25.39
59,25.22
58,25.14
58,25.22
59,25.14
58,25.22
59,24.98
58,24.90
59,24.90
59,25.31
58,25.22
58,25.22
58,25.14
59,25.39
58,25.14
58,25.39
59,25.06
59,25.47
58,25.55
58,24.81
58,25.14
58,25.39
59,24.81
58,25.06
58,25.39
58,25.39
58,25.14
58,25.14
59,25.06
59,25.31
58,25.39
58,25.47
58,25.22
58,25.22
59,25.47
58,25.47
58,25.06
58,25.47
58,25.14
59,25.14
58,25.39
58,25.55
59,25.22
58,24.90
59,25.88
58,25.80
58,25.39
58,25.39
58,25.64
58,25.22
58,25.14
58,25.47
58,25.39
58,25.22
58,24.73
59,24.90
58,25.14
59,24.81
58,24.81
58,24.73
58,25.14
59,24.81
58,24.81
58,25.31
58,25.55
59,24.65
58,25.55
58,24.73
58,24.81
59,25.31
58,25.22
58,24.81
59,25.39
58,25.39
59,25.47
58,24.98
59,25.14
58,24.90
59,25.14
59,25.14
58,25.55
58,25.88
59,24.81
59,25.31
58,24.90
58,25.22
58,25.14
59,25.14
59,25.14
59,25.06
58,25.06
59,24.98
58,24.98
58,25.06
58,25.06
58,25.06
59,25.72
58,25.06
58,25.47
59,25.22
58,25.14
58,25.47
59,25.14
59,24.90
58,25.22
58,25.14
59,25.31
59,25.47
59,25.14
58,25.97
58,25.55
59,25.47
58,25.31
58,25.55
59,25.39
58,25.06
58,25.06
59,25.31
58,25.14
59,25.31
58,25.31
58,25.47
59,25.06
58,25.31
58,25.47
59,25.72
59,25.39
59,25.72
59,25.55
58,25.22
58,25.80
58,25.64
58,25.55
59,25.31
58,25.31
58,25.31
58,24.98
58,25.22
58,25.14
59,24.90
59,25.14
58,25.39
59,25.06
58,25.39
59,25.31
58,25.22
58,25.06
59,25.06
58,24.90
59,24.98
58,25.64
58,24.90
58,25.31
58,25.22
59,25.22
58,25.55
59,25.47
59,25.31
58,25.80
59,25.97
59,26.05
58,25.72
58,26.13
58,25.31
58,26.05
59,25.64
58,25.80
59,25.88
59,25.72
58,25.88
59,25.88
59,26.13
58,25.88
59,25.80
58,25.80
59,25.88
58,25.97
59,26.05
59,25.80
59,25.55
59,26.05
58,25.72
59,26.21
59,25.72
58,25.88
58,25.22
58,25.72
58,25.64
59,25.31
58,25.64
59,25.64
58,25.64
59,25.47
59,26.13
58,25.64
59,25.88
58,25.80
58,25.88
59,25.55
59,25.80
58,25.47
59,25.80
59,25.64
59,25.88
58,25.72
58,25.64
58,25.72
58,25.72
58,25.80
58,25.72
58,25.14
59,25.22
58,25.97
58,25.31
58,25.55
58,25.72
58,25.72
59,25.88
58,25.80
58,25.97
59,25.72
58,26.05
58,25.80
59,26.05
59,25.72
58,25.47
58,25.47
59,25.80
58,25.97
58,25.47
58,25.31
59,25.64
58,25.88
58,26.29
58,25.72
59,25.88
58,25.64
58,25.97
59,25.64
58,25.31
58,25.55
59,25.88
59,26.05
58,25.39
59,26.21
58,25.64
58,25.72
58,25.72
59,25.39
59,25.55
59,25.06
58,26.29
58,25.80
58,25.72
59,25.88
59,25.64
58,25.64
59,25.55
58,25.72
58,26.13
58,25.88
58,25.72
58,25.72
59,25.64
58,25.55
58,25.47
59,25.72
58,25.97
58,25.39
58,25.97
59,25.97
59,25.39
60,25.31
62,26.05
63,25.97
63,25.55
64,25.39
63,25.55
62,25.80
61,25.39
62,25.64
61,25.72
61,25.80
61,25.80
62,26.05
62,25.97
63,25.31
62,25.47
61,25.64
61,26.05
61,26.05
61,25.80
61,25.88
61,26.13
61,26.38
61,26.13
61,26.21
61,26.21
61,26.29
60,26.05
60,25.80
60,26.13
60,26.13
60,25.97
59,25.97
60,25.97
60,26.29
60,26.29
58,26.46
58,26.71
58,26.87
58,26.13
57,26.79
57,26.71
58,26.62
59,26.38
59,26.79
60,26.71
58,26.79
58,26.87
59,27.12
57,26.46
58,27.12
58,26.87
59,26.95
59,27.36
60,27.28
58,27.12
59,26.71
58,26.79
57,26.71
59,27.04
58,26.95
58,26.79
59,26.95
59,26.95
59,27.36
60,27.61
58,27.69
58,27.78
59,27.36
57,27.12
58,27.45
59,27.12
57,27.86
59,27.78
59,27.53
58,27.20
59,27.53
58,27.45
58,27.78
59,27.78
58,27.94
57,27.45
59,27.45
59,27.45
58,27.94
60,27.28
58,27.53
58,27.78
59,28.35
58,27.94
58,27.69
59,27.36
58,27.86
58,27.86
59,28.19
58,27.53
59,27.94
58,28.19
57,28.43
59,28.27
58,28.27
57,28.35
59,27.86
57,27.61
59,27.86
60,28.02
57,28.11
58,27.94
59,27.86
57,28.52
59,28.35
59,28.52
57,28.43
60,28.35
58,28.27
57,29.18
59,29.09
59,28.35
58,28.52
60,28.52
57,28.19
58,28.52
59,28.60
57,28.19
58,28.85
59,28.27
58,28.68
60,29.09
58,28.43
57,28.52
59,28.27
59,28.11
58,28.43
60,28.60
59,28.02
57,28.35
58,28.68
57,28.35
58,29.09
60,29.09
58,28.76
59,28.68
59,28.52
58,28.68
58,29.01
59,29.18
58,29.26
60,29.09
59,29.09
58,29.42
58,29.67
57,29.34
58,29.50
57,29.18
55,29.18
55,29.67
55,30.00
53,29.75
54,29.34
55,29.42
56,29.42
57,29.50
56,29.50
54,29.50
55,29.42
55,29.83
55,29.50
54,29.59
54,29.42
54,29.83
54,29.34
56,29.18
57,29.34
55,29.67
56,29.59
56,29.50
55,29.59
55,29.67
55,29.67
55,30.00
57,29.83
57,29.67
57,29.67
58,30.00
59,29.92
59,30.24
58,29.50
58,29.67
58,29.83
59,29.92
59,29.75
59,29.75
57,30.08
59,29.92
59,29.67
59,30.16
58,29.42
58,30.33
58,30.00
58,29.67
59,29.83
58,29.92
58,30.08
58,30.41
59,29.59
59,29.75
63,29.83
59,29.92
58,29.67
58,30.08
59,29.59
58,29.67
59,29.75
58,29.83
59,29.75
59,30.08
59,29.83
58,30.24
58,29.83
58,29.92
59,29.67
58,29.83
58,29.92
58,29.83
59,29.92
60,30.00
59,29.92
58,29.92
58,29.75
59,29.92
59,29.83
58,29.92
58,29.92
59,30.00
59,29.92
58,29.75
58,29.59
58,30.08
58,30.16
59,30.08
59,29.92
58,30.08
58,29.75
58,30.16
58,29.42
59,29.92
59,30.08
58,29.34
58,30.24
59,29.92
59,30.24
58,30.24
58,29.92
58,30.08
59,30.00
59,29.50
59,30.57
58,30.16
58,30.41
59,30.41
59,30.66
59,30.24
58,30.33
57,30.49
58,30.08
59,30.16
58,29.75
58,30.24
58,30.24
59,29.83
59,30.33
58,30.08
58,30.41
58,30.16
58,30.16
59,30.08
58,29.92
58,30.08
58,30.08
59,30.08
59,29.42
59,29.92
59,30.33
58,30.24
58,30.57
59,30.24
58,29.59
58,30.33
58,30.24
58,30.24
59,29.50
59,30.16
58,30.16
58,30.41
58,29.92
59,29.92
58,30.08
58,29.67
58,30.16
59,29.59
59,29.92
59,29.34
58,29.67
58,30.33
59,30.08
59,30.49
58,29.92
58,30.33
58,29.92
58,30.49
59,30.74
59,30.57
58,30.33
58,31.07
59,30.33
59,29.50
58,30.00
58,30.08
58,30.74
58,30.24
58,30.41
59,30.41
59,30.66
58,30.24
59,30.00
59,30.08
59,29.92
58,30.33
58,29.92
58,29.83
59,29.67
59,29.92
58,30.00
58,30.08
59,30.74
58,30.00
57,30.16
56,30.49
58,30.57
58,30.16
60,30.41
59,30.74
58,30.24
58,30.33
58,30.57
58,30.66
59,30.08
59,30.33
58,30.00
58,30.16
59,30.33
58,30.41
59,30.24
59,30.41
59,30.24
58,30.33
57,30.16
58,30.66
59,30.33
58,29.92
58,29.75
58,30.08
59,30.16
58,30.41
58,30.33
59,30.24
82,30.00
58,29.83
59,29.67
58,29.75
58,30.16
58,29.01
58,29.67
58,29.75
57,29.18
59,29.18
58,29.42
59,29.75
59,29.59
58,29.75
58,29.59
58,29.50
58,29.92
59,29.92
58,29.59
58,29.83
58,29.50
59,29.67
58,29.67
58,29.75
58,30.33
58,29.75
59,29.92
58,29.42
58,29.59
58,29.83
59,29.34
58,29.42
59,28.85
59,29.50
59,29.67
59,29.59
58,28.85
58,29.01
59,29.34
58,29.67,D_OPEN,-14626
58,29.59
58,29.01
58,30.00
58,29.50
58,29.59
58,29.67
58,29.59
58,29.67
59,29.67
58,29.67
56,29.67
58,29.50
58,29.09
58,29.75
59,29.50
59,29.92
58,29.34
59,29.75
59,29.42
58,29.50
58,29.09
59,29.42
58,29.09
58,29.18
58,29.59
58,29.01
58,29.34
58,29.42
58,29.34
58,29.09
58,28.93
58,29.75
58,29.67
58,29.50
58,29.18
59,29.59
59,29.34
58,29.34
58,29.50
59,29.34
58,29.42
58,29.75
58,30.08
58,29.67
58,29.42
59,29.67
58,29.42
58,29.01
58,29.50
58,29.42
58,29.67
58,29.26
58,29.42
58,29.42
59,29.34
59,29.67
58,29.75
59,29.83
59,29.92
58,29.75
58,29.42
58,29.75
58,29.67
59,29.92
58,29.75
58,29.75
58,30.16
58,29.92
58,29.75
59,30.00
59,29.92
59,30.16
58,29.75
58,30.16
58,29.92
58,29.75
59,29.83
58,29.83
58,30.00
58,29.59
59,30.16
58,30.16
58,30.24
58,29.92
59,29.92
59,29.50
58,30.16
59,29.75
58,29.75
58,30.08
58,30.16
59,29.59
58,30.08
58,30.00
58,30.00
58,30.00
59,29.67
58,29.59
58,29.67
58,30.08
58,29.75
58,29.59
58,29.09
58,28.93
58,30.08
58,29.59
58,29.50
59,29.83
59,29.59
59,28.93
58,29.75
58,30.08
58,29.75
58,29.59
58,29.42
58,29.42
58,29.92
58,29.83
59,29.75
59,29.83
58,29.83
58,30.08
58,29.92
59,30.00
59,30.16
58,29.50
58,29.18
58,29.34
58,29.75
59,29.83
58,29.67
58,29.92
58,30.24
59,29.83
58,29.83
58,29.18
58,29.42
59,29.50
58,29.50
58,29.59
58,29.50
59,29.75
58,29.75
58,29.92
59,29.59
58,29.67
58,30.16
58,29.09
58,29.83
58,29.26
59,29.42
58,29.83
58,29.59
58,29.59
59,29.92
58,29.42
59,29.09
58,29.18
58,29.50
58,29.26
59,29.50
58,30.00
58,30.08
58,29.59
59,29.92
58,29.42
58,29.59
58,29.75
58,29.83
59,29.92
58,29.92
59,29.83
57,29.50
58,30.08
58,29.83
58,30.08
58,30.08
59,29.92
58,30.08
59,30.33
57,30.08
59,30.49
59,30.16
58,30.24
59,30.16
59,30.57
58,30.33
58,30.66
58,30.16
58,30.66
59,30.74
58,30.41
58,30.33
58,30.33
58,30.24
58,30.49
59,30.41
59,29.83
58,29.75
59,30.16
59,30.16
58,30.08
58,29.67
58,30.41
58,30.41
58,29.67
58,29.83
59,29.92
59,30.08
58,30.49
58,30.33
58,30.08
58,30.33
58,30.24
57,30.66
58,30.24
58,30.49
58,29.92
58,30.08
59,29.75
58,30.00
58,30.24
58,30.74
58,30.16
58,30.74
58,29.83
59,29.83
58,29.50
58,29.42
58,29.92
58,30.16
58,30.24
59,30.24
58,30.16
58,30.08
59,30.24
58,30.24
58,30.16
58,30.16
59,30.16
58,30.08
58,30.08
58,30.24
58,29.75
58,30.08
58,30.08
58,30.82
58,30.08
58,30.24
58,30.74
59,30.16
58,30.66
58,29.75
58,30.66
58,30.00
59,29.75
58,30.74
59,30.74
58,30.49
58,30.33
58,30.16
58,30.41
58,30.24
58,30.16
58,29.83
58,29.92
59,30.66
58,29.75
58,30.33
58,30.08
58,30.57
58,29.83
59,29.92
60,30.16
60,30.00
58,30.41
58,30.57
58,30.66
58,30.08
59,30.41
59,30.16
58,30.24
58,30.24
59,29.92
58,30.24
58,30.24
58,30.33
58,30.99
58,30.66
58,30.24
58,29.92
58,30.33
58,30.74
58,30.66
58,30.57
59,29.92
58,29.83
58,30.16
58,30.00
59,30.57
58,30.66
58,30.82
58,30.49
58,30.49
59,30.90
59,30.24
58,30.74
58,29.83
50,30.41
59,29.83
59,30.08
59,30.08
58,30.00
58,30.24
58,30.00
58,29.92,D_CLOSE,-1385
58,30.16
59,30.33
58,30.16
58,30.49
59,30.16
58,30.24
59,30.16
58,29.67
59,29.75
58,29.67
58,30.57
59,30.08
58,30.66
58,30.16
58,30.24
58,30.16
58,29.92
59,30.16
58,29.50
59,30.00
59,30.08
59,30.00
58,30.24
59,30.24
58,30.24
59,30.24
59,29.83
59,30.16
58,30.24
58,30.08
58,30.24
58,30.57
59,29.83
59,30.33
58,30.00
58,30.33
58,30.49
58,29.75
59,30.08
58,30.16
58,30.41
58,29.92
59,30.33
58,29.42
59,30.16
58,30.16
58,30.00
58,30.24
59,30.24
59,30.16
58,29.92
58,29.59
58,30.16
58,30.24
58,30.24
59,30.49
58,30.49
58,29.92
58,29.83
59,30.08
58,30.16
58,30.16
59,29.67
59,30.41
58,30.33
58,30.08
58,30.16
58,30.24
59,29.59
59,29.92
58,30.33
58,30.08
58,30.33
59,30.00
58,30.16
59,29.83
59,29.92
58,29.67
58,29.67
58,30.16
58,30.00
58,29.59
58,30.24
58,30.00
59,29.75
58,30.00
58,30.41
58,30.08
59,29.83
58,29.59
58,30.00
59,30.08
59,29.75
58,30.16
58,29.75
59,30.16
58,30.08
59,30.08
59,29.83
59,30.16
58,30.00
59,30.08
59,29.92
58,29.83
58,30.00
59,30.24
59,29.83
58,29.92
58,30.16
58,30.49
58,29.92
58,29.83
59,30.08
58,30.08
58,30.33
58,30.57
58,30.41
58,29.59
58,29.92
58,30.00
58,30.08
58,29.83
58,29.75
58,30.33
58,30.16
58,30.57
58,30.24
58,30.00
59,30.00
59,30.00
58,29.75
58,30.57
58,29.83
58,30.08
58,30.33
58,30.33
58,30.16
58,30.00
58,30.49
58,30.49
58,30.66
58,30.08
58,29.83
58,30.16
59,30.41
59,30.33
58,30.24
58,30.00
58,30.16
58,30.57
58,30.66
58,30.33
58,30.24
58,30.16
58,30.41
59,30.33
59,30.00
59,29.83
58,30.00
59,30.24
59,29.92
58,30.16
59,30.00
59,30.08
57,30.33
58,30.41
58,30.41
58,30.41
58,30.57
58,30.74
58,30.08
58,30.16
58,30.41
58,30.41
58,30.16
58,30.41
58,30.33
58,30.49
58,30.41
58,30.24
59,29.50
59,30.24
58,29.83
59,30.33
58,29.92
58,30.16
58,29.83
59,30.41
58,30.16
58,30.08
58,30.00
59,30.16
58,29.50
58,29.92
58,29.92
59,30.00
58,30.00
61,29.75
63,29.42
63,29.92
64,30.16
63,29.42
63,30.08
61,30.33
59,29.75
60,30.33
61,30.00
62,30.00
62,30.16,E_START,2141
61,29.75
62,29.18
63,29.26
62,29.67
61,29.26
60,29.75
61,29.83
60,29.92
56,29.83
61,30.08
61,30.08
61,29.75
59,29.67
59,30.16
60,30.16
61,30.49
60,30.41
62,30.66
60,30.33
60,30.41
59,30.00
59,30.00
60,30.08
60,30.16
60,30.08
59,30.57
57,30.57
57,30.41
56,30.24
58,30.82
60,30.74
60,30.24
59,30.00
59,30.74
58,30.41
56,30.74
58,30.66
56,30.74
58,30.82
58,30.82
57,30.82
58,31.07
58,31.15
58,30.66
60,30.82
60,30.74
59,30.90
59,30.66
57,30.57
57,30.90
59,30.82
59,30.90
60,31.48
61,30.99
58,30.90
58,31.07
58,30.99
58,31.64
58,30.90
59,31.07
57,31.15
59,30.99
58,30.57
58,30.57
58,31.48
59,31.31
58,31.48
59,31.89
57,31.07
57,31.81
59,31.81
58,31.64
58,30.90
60,31.64
59,31.56
59,31.64
58,31.56
57,31.31
59,31.07
58,31.15
57,31.64
59,31.89
60,31.40
59,31.40
58,31.81
57,31.48
58,31.89
59,32.14
59,31.64
58,31.97
58,31.48
58,31.48
58,32.14
57,32.30
59,31.73
59,32.47
60,31.73
58,32.88
57,32.30
58,32.06
58,32.47
59,32.06
58,31.81
60,32.14
58,32.63
58,32.47
57,32.47
58,32.14
59,31.97
60,32.38
58,32.14
58,32.30
59,32.80
58,32.71
59,32.71
59,32.55
59,32.71
59,32.71
59,32.71
57,32.88
58,32.47
58,32.55
60,32.71
59,32.80
58,33.70
58,32.88
58,33.04
58,33.62
57,32.88
59,32.88
59,32.71
58,32.96
57,33.13
57,32.71
58,32.80
59,32.80
58,32.88
59,32.63
60,33.37
59,32.88
57,33.29
56,33.37
55,33.37
55,33.70
55,33.29
53,33.21
55,33.45
55,33.62
54,33.70
55,33.29
58,33.29
55,33.54
56,33.87
53,33.21
53,33.29
55,33.87
55,33.70
52,33.45
54,33.70
56,33.29
57,33.54
55,33.62
54,33.21
56,33.13
57,33.54
55,33.78
55,33.95
56,33.37
55,33.45
58,33.70
56,33.21
58,33.29
59,33.45
58,32.96
58,33.13
59,33.13
57,33.29
57,33.62
59,33.87
59,33.62
59,32.96
58,33.45
57,33.13
59,33.21
59,33.45
58,33.45
58,33.37
58,33.21
60,33.54
59,33.62
58,33.21
58,33.21
58,33.29
58,33.87
59,33.78
59,33.54
58,33.70
59,33.45
58,33.95
58,33.37
59,33.13
57,33.70
57,33.54
59,33.21
59,33.13
60,33.78
58,33.04
58,33.70
59,33.45
59,33.04
58,32.88
58,33.87
58,33.13
58,33.95
59,33.70
59,33.04
58,33.29
59,33.37
58,33.54
59,33.45
58,33.95
57,33.87
58,33.62
59,33.78
59,33.70
55,33.54
58,33.45
58,33.78
59,33.87
58,33.95
58,33.70
58,33.37
58,33.54
59,33.78
59,33.62
58,33.54
58,33.62
59,33.29
59,32.80
58,33.78
58,33.04
58,33.54
58,33.45
60,33.29
58,33.95
58,33.70
58,33.87
59,34.20
59,33.45
59,33.62
58,33.21
58,33.29
58,33.54
58,33.62
58,33.04
58,33.21
60,33.37
59,33.37
58,33.29
58,33.70
57,33.37
58,33.70
60,33.04
59,33.87
58,33.45
59,33.62
59,32.96
59,33.95
58,33.78
58,33.95
57,33.29
59,33.21
59,33.13
58,33.70
58,33.62
59,33.62
59,33.37
59,33.29
58,33.37
58,33.45
58,33.37
58,33.62
59,33.70
58,33.37
58,33.04
60,33.54
58,33.54
59,33.70
58,32.96
58,33.95
58,33.87
59,33.62
59,33.62
58,34.03
59,33.45
59,32.96
60,33.04
59,33.70
59,33.37
58,33.29
58,33.29
58,33.13
57,33.45
59,34.11
59,33.62
59,33.29
57,33.62
59,33.37
59,33.37
58,33.29
58,33.70
59,34.03
58,33.37
58,33.37
58,33.95
58,33.13
60,34.11
59,33.78
57,33.78
59,33.78
58,33.45
58,32.88
58,33.29
58,32.88
59,33.04
60,33.21
58,34.20
59,33.62
60,33.78
58,32.96
58,33.45
59,33.37
58,33.29
59,33.54
57,33.87
58,33.37
59,33.45
57,33.21
56,33.37
56,33.21
57,33.62
59,34.03
59,33.45
59,33.29
58,33.95
57,33.21
58,33.29
60,32.96
59,33.29
58,33.62
59,33.62
58,33.37
60,33.04
58,33.70
59,34.03
58,33.70
60,33.78
56,33.37
58,33.37
60,33.70
57,33.70
58,33.45
57,33.13
59,33.04
58,33.37
59,33.13
59,33.62
60,33.21
59,33.21
57,32.88
59,32.80
57,33.21
60,32.96
58,32.88
57,33.13
57,32.55
60,32.63
63,32.80
35,33.04
74,32.63
50,32.63
28,32.63
51,32.63
60,33.04
59,33.04
58,32.88
59,33.13
59,33.13
58,32.71
59,32.96
58,32.88
58,32.80
59,33.04
58,32.96
58,32.96
59,33.13
58,33.21
77,33.13
59,32.80
58,33.04
59,33.13
58,33.13
59,33.04
58,32.63
58,32.80
59,33.04
58,32.63
58,32.96
58,32.88
61,32.80
58,32.63
58,32.88
58,32.71
58,33.13
59,32.47
59,33.04
58,32.55
58,32.71
59,32.63
59,32.88
58,32.71
58,32.63
58,32.71
59,32.71
59,32.38
58,32.63
59,32.88
58,33.21
58,33.13
59,32.80
58,32.71
58,33.54
58,32.71
58,32.71
58,32.55
57,32.88
58,32.88
58,32.47
59,32.47
59,32.80
59,32.80
59,32.80,D_CLOSE,456
58,32.80
59,32.71
58,32.80
59,32.71
58,32.88
58,32.63
58,32.63
58,32.80
58,33.21
58,32.71
58,32.55
59,33.04
60,32.47
58,32.71
58,32.96
58,33.29
58,32.88
58,32.80
59,32.71
59,33.04
58,33.29
59,33.54
59,33.21
58,33.04
59,33.29
59,32.88
58,32.47
59,32.63
58,32.80
59,33.37
59,32.88
59,33.13
59,32.80
58,33.29
58,32.96
59,33.13
59,32.96
59,32.80
59,32.71
59,33.29
58,33.21
58,33.13
58,33.54
59,33.45
58,33.29
58,32.88
58,33.21
59,33.13
59,33.13
58,33.21
58,32.88
59,33.13
59,33.21
58,32.88
58,33.04
58,33.13
59,33.21
58,32.55
59,33.21
58,33.29
58,33.21
58,32.80
59,33.04
58,32.96
59,33.13
58,33.29
58,33.37
59,33.37
59,33.21
59,33.04
58,32.88
59,32.96
59,33.21
59,33.54
59,33.13
59,32.96
59,32.80
58,32.88
58,32.96
58,32.88
59,32.96
58,33.04
59,33.21
58,33.21
59,33.21
59,33.21
59,33.21
59,33.13
58,32.96
58,32.96,D_CLOSE,27137
48,33.21
59,33.54
58,32.80
58,32.96
58,33.21
58,33.13
59,32.71
59,32.71
58,32.55
53,32.96
59,32.55
58,33.04
59,32.88
58,32.88
58,32.80
58,33.13
58,33.37
58,32.63
54,32.80
56,32.88
59,32.88
57,33.21
61,33.13
58,32.96
57,33.04
57,33.13
59,32.88
58,32.96
58,32.71
59,32.88
60,33.45
58,33.21
59,33.13
57,32.96
59,32.96
59,32.71
