58,0.16
58,0.16
58,-0.25
59,0.16
57,-0.17
57,0.00
58,-0.25
57,-0.08
58,0.08
57,0.00
57,0.08
57,0.08
58,0.41
57,-0.17
56,-0.17
52,0.00
60,0.25
56,-0.08
60,0.00
57,0.16
57,-0.33
56,-0.17
57,-0.08
58,0.00
59,0.33
58,-0.17
58,-0.08
57,-0.41
57,-0.58
58,-0.66
58,-0.66
58,-0.41
58,-0.33
57,-0.33
58,-0.66
58,-0.25
58,-0.17
58,-0.82
58,0.00
58,0.25
58,-0.25
58,-0.58
57,-0.33
58,0.00
58,-0.25
58,-0.66
58,-0.25
58,-0.17
58,0.08
58,-0.41
58,0.00
58,-0.17
58,-0.33
58,-0.49
58,0.00
58,-0.41
58,-0.41
58,-0.17
58,-0.25
58,-0.08
58,-0.33
58,-0.41
58,-0.25
58,-0.17
58,-0.25
58,-0.25
58,-0.49
58,0.25
58,-0.25
58,-0.25
58,0.00
58,0.00
58,-0.25
58,0.16
58,-0.08
58,-0.74
58,-0.25
58,0.25
58,0.00
58,-0.17
58,-0.33
58,-0.74
58,-0.25
58,-0.25
58,-0.58
58,-0.08
58,-0.41
58,-0.33
58,-0.08
58,0.08
58,0.33
58,0.16
58,0.16
58,0.08
58,-0.17
58,-0.33
58,0.25
58,0.74
58,0.00
58,-0.17
58,-0.25
58,0.08
58,0.08
58,-0.17
58,0.16
58,-0.25
58,-0.17
58,-0.33
58,-0.25
58,-0.33
58,-0.25
58,0.16
58,-0.17
58,-0.17
58,-0.08
58,0.00
58,-0.08
58,0.08
58,0.16
58,-0.17
58,-0.25
58,-0.25
58,0.33
59,0.16
61,0.00
62,-0.08
63,0.08
63,0.08,E_START,5287
65,0.00
61,-0.49
61,0.08
59,-0.08
62,0.16
61,0.08
61,0.00
62,-0.08
62,-0.58
62,-0.33
61,0.00
61,-0.49
61,-0.17
61,-0.33
61,-0.17
61,-0.08
61,-0.41
61,-0.33
60,0.41
61,0.00
60,0.16
60,0.00
60,0.08
60,0.82
60,0.57
60,0.41
60,0.74
61,0.25
60,0.90
60,0.25
59,0.33
58,0.41
59,0.57
58,0.33
59,0.41
59,0.49
58,0.49
58,0.90
58,0.41
58,0.16
58,0.25
59,0.57
58,0.66
59,0.82
58,0.57
58,0.49
57,0.74
57,1.06
58,0.82
58,0.98
59,1.06
59,0.74
58,0.57
58,0.82
57,0.82
58,1.23
58,1.31
59,0.82
59,1.31
59,1.23
58,1.15
58,0.82
57,1.06
58,1.39
58,1.23
59,1.15
59,1.64
59,1.47
58,1.31
58,1.31
58,1.15
59,1.47
59,1.47
59,1.80
59,1.31
58,1.47
58,1.47
58,1.96
58,1.47
58,1.06
59,1.64
59,2.21
58,1.55
58,1.96
58,1.64
58,1.72
58,1.72
58,1.80
59,2.29
59,1.72
58,1.64
58,2.45
58,2.37
57,2.37
58,2.21
59,1.96
59,1.96
59,1.39
59,1.80
58,2.05
58,2.29
58,2.54
58,2.13
59,2.05
59,2.29
58,1.96
58,1.80
57,2.54
58,2.05
59,2.45
59,1.96
58,2.70
59,2.13
58,2.29
57,2.13
58,2.94
58,2.62
58,2.94
59,2.37
58,2.62
58,2.62
58,2.70
57,3.03
58,3.11
58,2.78
58,2.86
59,2.94
59,2.54
59,2.54
58,2.78
58,2.86
58,3.27
58,3.27
59,2.62
59,3.03
59,2.86
58,3.03
58,3.27
58,3.27
58,3.52
59,3.11
59,3.27
58,3.19
58,3.19
58,2.94
58,3.27
59,3.27
58,3.03
58,3.35
57,3.43
56,3.11
55,3.35
54,3.52
54,3.03
55,3.76
56,3.60
55,3.84
57,3.27
56,3.11
55,3.43
55,3.52
54,3.35
54,3.27
54,3.52
54,3.27
55,3.60
55,3.52
55,3.68
55,3.76
55,3.52
55,3.43
55,3.52
56,3.52
55,3.84
55,3.76
56,3.43
56,4.09
56,4.09
56,4.09
57,3.60
57,3.84
57,3.43
58,3.11
58,3.27
58,3.27
58,4.09
58,4.25
58,4.09
59,3.68
58,3.68
58,3.76
58,4.34
58,3.60
58,3.60
58,3.35
58,3.60
58,3.11
58,2.94
58,3.60
58,3.52
58,4.17
58,3.76
58,3.35
58,3.76
58,3.27
59,3.52
58,3.52
58,3.35
58,3.76
58,3.68
58,3.76
58,3.52
58,3.84
58,3.84
58,4.25
59,3.84
58,4.50
58,4.50
58,3.76
58,4.09
58,3.76
58,3.52
58,3.60
59,4.58
58,3.84
58,3.84
58,4.17
58,3.76
59,3.60
58,3.52
58,3.68
58,3.68
58,3.76
58,3.43
58,3.76
58,3.84
58,4.17
58,3.68
58,4.42
58,4.09
58,4.25
58,3.60,E_STOP,15197
51,3.84
59,4.25
58,3.76
58,3.84
58,3.84
59,4.09
59,3.76
58,4.50
59,4.17
58,4.09
59,4.42
59,4.50
58,4.34
58,4.34
59,4.09
58,3.84
58,4.17
59,4.09
58,3.52
58,3.84
58,3.84
58,3.68
58,3.76
58,3.68
58,4.17
58,4.09
58,3.68
59,4.09
58,4.09
58,3.84
58,3.84
58,3.84
58,3.68
58,3.43
58,3.68
58,3.76
58,3.68
58,3.43
58,3.43
58,3.52
58,3.60
58,3.60
58,3.84
58,4.09
58,3.52
58,4.50
58,4.34
58,3.52
59,3.43
58,3.84
58,3.52
58,4.09
58,3.76
58,3.60
58,3.52
58,4.34
58,4.34
58,4.34
58,3.60
58,4.42
58,4.09
58,4.50
58,3.68
58,3.52
58,3.76
58,4.25
58,3.68
58,3.68
58,3.43
58,3.43
59,4.09
58,4.09
58,4.17
58,4.09
58,3.68
58,3.27
58,3.60
58,3.52
58,3.84
58,3.76
58,3.60
58,3.76
58,3.43
58,3.52
58,3.11
58,3.35
58,3.27
59,4.09
58,3.68
58,3.52
58,3.60
58,4.17
58,4.34
57,4.09
56,3.52
57,3.68
58,4.09
59,3.52
59,4.09
58,4.25
58,4.42
57,4.25
58,3.52
59,3.84
59,3.27
58,3.52
58,3.43
58,3.76
58,3.60
59,3.84
59,3.76
59,4.25
58,3.68
58,3.76
58,3.27
59,3.60
59,3.60
58,3.35
58,3.68
58,3.27
59,3.60
59,3.84
58,3.60
58,3.43
58,3.68
58,3.52
58,3.52
58,3.35
59,3.03
58,3.03
58,3.43,D_OPEN,20561
59,3.19
59,2.86
59,3.35
58,3.35
53,2.86
59,3.27
57,3.19
58,3.27
58,3.52
58,3.03
58,3.43
59,3.43
58,3.03
58,2.86
58,2.94
58,3.19
58,3.35
58,2.62
58,3.27
58,3.35
58,3.35
58,3.11
59,2.94
58,2.86
58,3.35
58,3.19
58,2.54
58,3.27
58,2.78
58,3.03
58,3.03
58,3.19
59,3.27
58,3.11
58,3.27
58,3.11
58,3.11
59,3.43
59,3.35
58,2.86
58,3.52
58,3.52
58,3.35
59,3.03
59,3.11
58,3.35
58,2.78
59,3.19
58,3.27
58,2.94
58,3.11
58,3.11
58,3.03
58,2.78
58,3.27
58,3.52
58,3.52
58,3.11
58,3.35
58,3.03
58,3.11
58,3.43
58,3.68
58,3.43
58,3.27
58,3.43
58,3.68
58,3.35
58,3.68
58,3.35
58,3.03
58,2.94
58,3.11
58,3.60
59,2.86
58,3.43
58,3.60
58,3.43
58,3.19
58,3.35
58,3.43
58,3.76
58,4.09
58,3.84
58,3.52
58,3.19
58,3.84
58,3.11
58,3.43
58,3.11
58,3.03
58,3.43
58,3.03
58,3.11
58,3.03
58,3.11
58,3.27
58,2.94
58,3.68
58,3.11
58,3.27
58,3.19
58,3.11
58,2.86
58,3.35
58,2.62
58,2.86
58,2.78
58,3.11
58,3.27
58,2.70
58,2.86
58,2.94
59,2.94
58,3.03
58,3.03
58,2.94
58,3.19
58,3.35
58,3.11
58,3.27
58,2.94
58,3.19
58,2.78
58,3.11
59,2.86
58,2.86
58,3.35
58,3.19
58,2.70
58,2.94
59,3.35
58,3.60
58,3.35
58,3.35
58,2.70
58,3.35
58,3.52
58,2.94
58,3.27
58,3.43
58,3.11
59,3.11
58,3.76
58,3.19
59,3.03
59,3.03
58,2.78
58,3.27
58,3.35
58,3.11
58,3.27
58,3.35
58,3.35
58,3.27
58,3.11
59,3.11
58,3.11
58,2.94
58,3.03
58,2.70
58,3.11
58,2.45
58,2.86
58,3.19
58,3.03
58,3.03
58,2.86
58,3.52
58,3.27
58,2.94
58,2.94
58,3.03
58,3.35
59,3.35
58,2.94
58,3.19
58,2.86
58,3.19
58,3.27
58,2.94
58,3.03
58,3.03
59,3.11
58,3.60
58,3.35
58,3.27
58,3.35
58,3.11
59,2.94
58,3.27
58,3.11
58,3.52
58,4.09
59,3.43
59,3.60
58,3.43
58,3.43
58,3.35
58,3.76
59,3.68
58,4.17
58,4.25
58,3.60
58,4.17
58,4.09,D_CLOSE,28999
58,3.60
58,3.43
58,4.09
58,3.35
58,2.94
58,4.17
58,3.27
58,3.52
59,3.35
58,3.35
58,3.27
58,3.19
58,3.84
58,3.52
58,3.60
59,3.60
58,3.43
58,3.76
58,4.09
58,4.50
58,3.84
58,3.52
59,4.09
58,3.52
58,3.68
59,3.52
58,3.84
58,3.76
59,3.84
59,3.76
58,3.76
58,4.42
58,4.34
58,4.09
58,4.17
58,3.60
58,4.34
58,3.84
58,3.84
58,3.84
59,3.76
58,3.52
58,4.09
58,4.09
58,3.84
58,3.52
58,3.27
58,4.09
58,3.60
58,3.35
59,3.84
58,3.43
58,3.52
58,4.25
58,3.60
58,3.35
58,3.35
59,3.68
58,3.27
58,4.66
58,4.25
58,3.68
58,3.84
58,3.84
58,3.43
58,3.84
58,4.09
58,3.76
58,3.84
58,3.60
58,3.68
58,3.19
58,4.09
58,3.84
58,3.84
58,3.52
58,3.84
58,4.25
58,4.17
58,4.34
58,3.68
58,4.17
59,3.84
58,3.84
58,4.09
58,3.60
58,3.60
58,3.76
58,4.42
58,3.76
58,4.25
58,3.76
58,3.84
58,3.60
58,3.43
58,3.76
58,4.17
58,4.25
58,3.35
58,3.60
58,3.60
58,3.27
58,3.76
59,3.68
60,3.84
62,4.09
63,3.76
63,4.09
63,4.34,E_START,33464
60,3.84
62,4.09
60,4.34
61,3.68
63,4.66
61,4.09
61,4.34
62,4.34
62,4.34
62,4.50
61,4.17
61,3.76
61,4.34
60,4.17
60,4.09
60,4.09
61,4.17
61,4.09
61,4.25
60,3.84
60,3.84
60,4.58
60,4.50
60,4.34
61,4.42
60,4.34
60,4.42
60,4.09
60,4.50
59,4.50
59,4.50
59,4.74
58,4.34
58,4.50
58,4.34
58,4.34
58,4.82
58,4.74
58,4.74
59,4.91
58,4.66
58,5.15
58,5.32
58,4.74
57,4.82
57,5.48
58,5.23
58,5.48
59,5.15
60,5.15
59,5.64
59,5.15
58,4.74
57,4.50
58,5.07
58,5.07
59,5.23
59,5.32
59,5.48
58,5.23
58,4.82
57,5.23
58,5.07
59,4.91
59,5.15
58,4.91
58,5.40
58,5.48
58,5.32
57,4.99
58,5.15
58,5.15
59,5.23
58,5.48
58,5.73
58,5.56
58,5.81
58,5.97
58,6.54
59,5.89
59,5.89
58,5.81
57,5.73
58,5.56
58,5.48
59,5.40
59,5.81
59,6.14
59,6.05
58,5.73
58,6.22
58,6.54
58,6.05
58,5.73
59,6.14
58,6.46
59,6.22
58,5.81
57,6.38
58,5.89
59,5.89
58,6.05
59,6.54
58,6.38
58,6.14
58,6.22
58,6.14
58,6.54
59,6.46
59,6.05
58,6.22
59,6.05
58,6.30
57,6.30
59,6.54
58,6.54
59,6.79
59,6.54
58,6.14
58,7.03
59,7.12
58,7.03
58,6.71
59,6.54
58,6.54
59,6.46
59,6.54
58,6.46
58,6.54
58,7.03
58,6.46
59,6.46
59,6.79
58,6.87
58,6.79
58,7.36
58,7.12
58,6.71
58,7.03
58,7.36
59,7.36
58,7.28
58,7.69
58,8.02
58,7.52
58,7.20
59,7.36
58,7.12
58,6.95
56,7.44
56,7.28
55,7.52
54,7.77
54,7.44
55,7.20
55,7.20
56,7.61
56,7.36
56,7.52
55,7.93
55,7.61
54,7.85
54,7.28
54,7.69
54,7.61
55,7.93
55,7.93
55,7.61
55,7.77
55,8.18
55,8.18
55,8.59
55,7.93
55,8.26
56,7.93
57,8.02
56,7.93
56,7.61
57,8.10
57,7.52
58,7.69
58,7.93
58,7.93
58,7.03
58,7.69
58,7.77
58,7.28
58,7.85
58,7.52
58,7.61
59,7.77
59,7.69
58,8.02
58,8.02
58,7.69
58,7.77
59,7.77
58,7.69
58,7.52
58,7.69
58,7.61
58,7.93
58,7.52
58,7.44
58,7.61
58,7.61
58,7.61
58,8.02
58,7.69
58,7.52
58,7.85
58,7.93
58,7.77
58,7.52
58,8.02
58,7.93
58,7.61
58,7.69
58,7.61
58,7.44
58,7.52
58,7.61
58,7.85
58,7.20
58,7.61
59,7.61
58,7.44
58,7.52
58,6.95
58,7.52
58,8.10
58,7.69
58,7.85
58,7.69
58,7.85
58,7.77
59,7.69
59,7.69
58,7.69
58,7.93
58,7.69
58,7.61
58,8.02
58,7.93
58,7.69
58,7.61
58,7.93
59,7.93
58,7.93
58,7.69
58,8.43
58,7.85
58,7.52
58,7.52
58,8.34
58,8.02
59,7.85
59,7.85
58,7.36
58,7.77
57,7.52
58,7.77
58,7.77
58,8.02
58,7.93
58,7.52
58,7.77
59,7.44
59,7.52
58,7.61
58,7.69
58,8.02,E_STOP,44603
59,7.85
58,7.77
58,7.85
58,8.02
58,7.85
58,7.77
58,7.77
57,7.85
58,8.18
58,7.69
58,7.93
58,7.69
58,7.93
58,7.85
58,7.85
58,7.52
58,7.85
58,7.61
58,7.61
58,8.18
58,7.69
58,7.61
58,8.10
58,7.69
58,8.10
59,7.93
58,8.18
59,7.69
58,7.85
59,8.10
59,8.18
58,7.69
58,7.52
58,7.77
59,7.52
59,7.69
58,7.61
58,7.85
58,8.51
58,8.02
58,8.02
58,7.85
58,8.34
58,8.26
58,7.85
59,7.85
58,7.93
58,7.85
58,7.93
58,7.69
59,8.10
58,8.02
58,8.43
57,8.10
56,7.85
57,8.10
58,7.69
59,7.69
59,7.93
59,7.93
58,8.02
57,8.18
58,8.43
59,7.69
59,8.18
59,8.43
58,8.18
58,8.26
58,7.52
59,8.02
59,8.10
58,8.34
58,7.93
58,8.18
58,8.26
59,7.77
59,7.77
58,7.77
58,7.85
58,7.52
58,7.93
59,7.20,D_OPEN,47962
61,7.44
58,7.52
58,7.20
58,7.36
58,6.95
58,6.87
59,7.20
59,7.20
58,6.87
58,7.12
58,7.61
58,7.77
58,7.12
58,7.20
58,6.71
59,7.12
58,7.52
59,6.95
58,7.36
58,7.12
58,7.12
58,7.12
58,7.03
58,7.12
58,7.03
58,7.36
58,6.95
58,6.95
59,6.95
59,7.20
58,7.20
58,7.36
59,7.12
59,7.28
58,7.03
58,7.28
58,7.20
58,7.61
58,7.61
59,7.44
58,6.71
58,6.95
58,7.20
59,7.12
59,7.03
58,6.95
58,7.28
58,7.36
58,7.28
58,7.52
58,7.44
58,7.52
59,7.36
59,7.20
59,7.44
59,7.28
58,7.12
58,7.52
59,7.77
58,7.28
58,7.20
58,6.71
58,6.95
58,7.52
58,7.12
58,6.95
58,7.28
58,7.28
59,7.36
58,7.28
58,7.36
58,7.44
58,7.28
58,6.71
58,7.69
59,7.52
58,7.28
58,7.61
58,7.69
59,7.44
58,7.85
58,7.85
58,7.69
58,8.10
58,7.52
58,7.44
58,7.44
59,7.03
58,7.61
58,7.20
58,7.69
58,7.52
59,7.03
58,7.61
58,7.85
58,7.28
58,7.44
58,7.36
59,7.44
58,7.12
58,7.03
58,7.52
58,7.36
58,7.69
58,7.52
58,7.44
58,7.28
58,7.52
58,7.69
58,7.20
58,7.36
58,7.20
58,7.20
59,7.52
58,7.44
58,7.36
58,7.03
58,7.28
58,7.69
58,7.77
58,7.20
58,7.44
59,7.28
58,6.87
58,7.52
59,7.12
58,7.28
58,7.20
58,7.20
58,6.79
58,7.28
59,7.28
58,6.95
58,7.03
59,7.12
58,7.93
58,7.69
58,7.20
58,7.77
58,7.28
58,7.03
58,7.44
58,7.93
58,7.36
58,7.85
58,7.69
59,7.36
58,7.77
58,7.03
58,7.12
58,7.69
58,7.36
58,7.12
58,7.61
58,7.61
58,7.03
58,7.36
58,7.69
58,7.85
58,7.77
58,7.61
58,7.85
58,7.85
58,7.69
58,7.69
58,7.61
58,7.93
58,7.69
58,7.61
58,7.93
58,7.61
58,7.61
59,7.61
58,7.69
58,8.26
58,7.12
58,8.18
58,7.36
58,7.77
58,7.28
58,7.12
58,7.20
58,7.77
58,7.85
58,6.79
58,7.52
58,8.02
58,7.52
58,7.93
58,7.69
58,7.69
58,7.61
58,7.61
58,8.02
59,7.61
58,7.61
58,7.77
58,7.77
58,7.44
58,6.95
58,7.28
58,7.85
58,7.69
58,7.77
58,7.28
58,7.44
58,7.77
58,7.44
58,8.26
58,8.10
58,8.26
59,8.26
58,8.02
58,7.69
58,7.93,D_CLOSE,56766
59,8.10
58,7.69
58,8.02
58,7.93
58,7.93
58,7.36
59,7.93
58,7.85
59,7.61
58,8.02
58,7.93
58,7.85
58,8.02
58,7.93
58,7.85
58,7.69
58,8.18
58,7.93
58,7.85
58,8.02
58,8.26
58,7.69
58,7.69
58,7.93
58,8.51
58,7.69
58,8.02
59,8.18
59,8.02
58,8.02
58,8.10
58,8.10
58,8.18
59,8.10
58,8.18
58,8.10
58,8.26
58,8.43
58,8.59
58,8.02
58,8.26
58,8.26
58,8.34
58,7.93
58,8.34
58,8.26
58,8.51
58,8.34
58,8.34
58,7.52
58,7.69
58,7.61
58,7.93
58,8.26
58,7.93
58,7.93
58,7.93
58,8.10
58,8.10
58,8.10
58,7.93
58,8.10
58,7.69
58,8.26
58,7.93
58,8.18
58,7.61
57,8.18
56,7.93
55,7.77
55,8.34
55,7.93
55,7.77
56,7.69
57,8.02
57,7.85
56,8.18
56,8.02
55,8.26
55,7.69
55,7.77
55,7.52
56,7.52
56,7.85,E_START,60207
43,8.02
56,8.18
55,7.44
56,7.85
55,7.69
55,7.69
56,8.18
56,7.77
56,8.26
57,8.02
57,7.85
59,8.10
60,7.69
60,7.69
59,7.85
58,7.85
57,7.77
57,7.52
57,7.44
58,7.52
58,7.69
59,7.69
59,7.85
59,7.69
59,7.69
58,7.85
58,7.77
57,7.77
57,7.93
58,7.85
59,7.52
58,8.18
58,8.02
58,7.69
58,7.52
58,7.61
58,7.36
58,7.52
58,8.02
58,7.69
58,7.77
58,7.20
58,7.12
58,7.44
58,7.61
58,7.36
58,7.36
58,7.28
58,7.28
58,7.28
58,7.36
58,7.12
58,7.44
58,7.28
58,7.20
58,7.20
58,7.52
58,7.03
58,7.36
58,7.28
58,7.20
58,6.95
58,7.28
59,7.20
58,7.03
58,7.03
58,7.12
58,7.12
58,7.28
58,6.95
58,6.71
58,6.95
58,6.95
58,6.95
58,6.95
58,6.87
58,6.95
58,7.03
58,7.12
58,6.71
58,7.12
58,6.71
59,7.12
58,7.12
58,6.71
58,6.87
58,6.46
58,6.79
58,6.95
58,6.71
58,7.03
58,7.12
59,6.71
59,6.87
58,6.95
58,6.71
58,6.62
58,6.79
58,6.71
58,6.62
58,6.71
58,6.79
58,7.20
58,6.87
58,6.79
58,6.71
58,6.54
58,5.81
58,6.54
58,6.46
58,6.14
58,6.05
58,6.38
58,6.30
58,6.38
58,6.38
58,6.38
58,6.30
58,5.97
58,6.30
58,6.46
58,6.46
58,6.22
58,5.97
58,5.89
58,5.97
58,5.97
58,5.97
58,6.30
58,6.05
58,5.73
58,6.14
58,5.97
58,5.97
58,5.89
58,6.30
58,6.38
59,5.89
58,5.89
58,5.64
58,5.48
58,5.40
58,5.23
58,5.40
58,5.15
58,5.40
58,5.73
58,6.30
58,6.22
58,5.97
58,5.81
58,5.48
58,6.05
58,5.97
58,5.48
58,5.15
59,5.89
58,5.73
58,5.81
58,5.23
58,5.23
58,5.32
59,5.07
59,5.48
58,5.56
58,5.07
58,4.99
58,5.23
58,4.99
58,4.91
58,5.07
58,5.32
58,5.32
58,5.15
58,5.23
58,5.15
58,5.15
59,5.23
58,5.32
58,5.23
58,4.42
58,5.23
58,4.91
58,4.99
58,5.07
58,5.23
58,4.99
58,4.74
59,5.15
58,5.07
58,4.91
59,4.82
58,5.07
59,5.07
58,4.66
58,4.50
58,4.82
58,5.07
58,5.32
59,5.15
59,4.74
60,4.50
60,4.42
60,4.74
59,4.74
59,4.58
59,4.66
58,4.17
59,4.50
59,4.09
59,4.34
59,4.25
59,4.17
60,4.50
60,4.50
59,4.42
59,4.17
59,4.34
59,4.17
59,4.34
59,4.25
59,4.25
59,4.74
59,4.34
59,4.91
59,4.09
59,4.34
59,4.25
59,4.25
59,4.50
60,4.42
59,4.58
59,4.25
59,4.50
59,4.50
59,4.42
59,4.09
59,4.42
59,3.84
59,4.34
59,4.17
59,4.25
59,4.25
59,4.09
59,4.66
59,4.66
59,3.60
59,4.66
59,4.34
59,3.84
59,3.84
59,4.09
59,3.76
59,4.09
59,4.25
59,3.84
59,4.09
58,4.34
59,4.58
58,4.99
58,4.25
58,4.25
58,4.17
58,4.74
58,4.34
58,4.74
58,4.34
59,4.34
59,4.91
58,4.25
58,4.66
57,4.66
58,4.50
58,4.66
58,4.34
58,4.09
58,4.66
58,4.58
58,4.82
58,4.74
58,4.82
58,4.25
58,4.25
58,4.58
58,4.42
58,4.34
58,4.74
58,4.66
58,4.66
58,4.58
58,4.17
58,4.50
58,4.17
58,4.34
58,4.09
58,4.58
59,4.34
58,4.25
58,4.42
58,4.42
58,4.58
58,4.17
58,4.42
58,4.25
58,4.42
58,4.91
58,4.82
58,4.58
58,4.09
58,4.09
58,4.25
58,4.09
58,4.50
58,4.50
58,4.42
58,4.66
58,4.09
58,4.34
58,3.76
58,4.50
58,4.17
58,4.17
58,3.76
58,4.17
58,4.58,E_STOP,73517
58,4.09
58,4.58
58,4.09
58,4.50
58,3.60
58,3.60
58,3.52
58,3.84
59,3.76
58,3.76
58,4.42
58,4.17
58,3.68
58,3.76
58,3.68
58,4.09
58,3.76
58,3.76
58,3.68
59,4.34
58,3.35
58,3.60
59,3.84
59,3.84
61,3.76
62,3.76
60,3.84
58,4.25
56,4.34
55,4.42
57,3.68
58,3.76
59,4.17
60,4.34
59,3.68
58,3.68
57,4.42
57,3.76
59,3.60
59,3.68
59,4.25
59,3.35
57,3.76
58,3.60,D_OPEN,75319
60,3.03
58,3.43
58,3.68
58,3.35
58,3.19
58,3.11
58,3.43
58,3.68
58,3.27
58,3.27
58,3.60
58,3.60
58,3.27
58,3.11
59,3.68
58,3.43
59,3.68
59,3.60
58,3.43
58,3.52
58,3.19
59,3.27
58,3.03
57,3.84
58,4.17
58,3.52
58,3.03
58,3.11
59,2.94
58,3.43
58,3.52
58,3.27
59,3.03
58,3.03
58,3.43
58,3.19
58,3.11
58,3.43
58,3.35
58,3.60
58,3.43
58,3.52
59,3.03
59,3.52
58,3.52
58,3.43
58,3.03
58,3.27
58,3.68
58,3.35
58,3.68
58,2.94
58,3.27
58,3.11
58,3.43
58,3.60
58,3.19
58,3.43
58,3.60
58,3.84
58,3.68
58,4.34
58,3.43
58,3.19
58,3.27
58,2.94
58,3.03
58,3.84
58,3.60
58,3.19
58,3.52
59,2.94
58,3.52
58,3.35
58,4.25
58,3.27
58,3.43
58,3.19
58,3.60
58,3.68
58,3.19
58,3.43
58,3.11
58,3.03
58,3.35
58,3.03
58,3.11
58,3.35
58,3.11
58,3.35
58,3.60
58,3.11
58,3.43
58,3.11
58,3.43
58,3.84
58,4.09
58,3.60
58,3.52
58,3.43
58,3.60
58,3.68
58,3.84
58,3.27
59,3.76
58,3.60
58,4.09
58,3.43
58,3.60
58,3.60
58,3.60
58,3.35
58,3.60
59,3.43
58,3.84
58,3.60
58,3.68
58,3.43
58,4.09
58,3.52
58,3.35
58,3.35
58,3.19
58,3.27
58,3.43
58,3.19
58,3.11
58,3.11
58,3.76
58,3.84
58,3.19
58,3.52
58,3.35
58,3.19
59,3.27
58,3.35
58,3.68
58,3.03
58,3.27
58,3.35
58,3.52
58,3.43
58,3.43
58,3.84
58,3.68
58,3.60
58,3.27
58,3.52
58,2.94
58,3.27
58,3.19
58,4.09
58,3.35
58,3.52
58,2.94
59,3.76
58,3.19
58,3.19
58,3.19
58,3.52
58,3.19
58,3.35
58,2.94
58,2.94
58,3.19
58,2.94
58,3.35
59,3.19
58,3.19
58,3.35
58,3.19
58,3.43
58,3.52
59,3.27
58,3.27
58,3.43
58,2.78
58,3.35
58,3.11
58,3.43
58,3.11
58,2.86
58,3.19
58,3.27
58,2.86
58,3.43
58,3.35
58,3.60
58,3.35
58,3.19
58,3.52
58,3.35
58,4.09
58,3.60
58,3.52
58,3.27
58,3.52
58,3.27
58,3.43
58,3.03
59,3.19
59,4.09
58,4.34
58,3.84
58,3.84
58,3.84
59,4.50
58,4.34
58,4.42
58,4.25
58,3.76
58,4.66
58,4.09
58,4.09
58,3.60
58,4.34
58,3.76
58,4.09
58,3.84
58,4.25
58,3.68
58,3.84
58,3.60
58,4.25
58,3.60,D_CLOSE,84535
57,3.68
58,3.43
58,3.52
58,4.17
58,4.42
58,3.84
58,4.17
56,4.25
58,3.68
58,4.09
58,3.68
58,3.60
58,3.84
58,3.76
58,3.68
58,3.84
58,4.09
58,4.17
58,4.42
58,4.42
58,4.25
59,4.25
58,4.17
58,4.42
58,4.50
58,4.17
58,4.17
57,3.68
58,4.09
58,4.50
58,4.58
58,4.34
58,3.84
58,4.17
58,4.09
58,3.43
58,4.17
58,4.09
58,4.17
58,4.58
58,3.84
58,3.68
58,3.76
58,4.09
58,4.42
57,3.76
58,3.84
58,3.35
58,3.60
58,3.76
58,4.25
58,3.68
58,3.68
58,3.60
58,3.84
58,3.60
58,4.09
58,4.34
58,3.84
58,4.17
58,4.42
58,4.66
58,4.50
58,4.09
58,4.50
58,3.68
60,3.84
58,4.09
58,4.17
58,4.25
58,4.58
58,3.84
58,4.09
58,4.17
58,4.34
58,4.42
58,4.34
58,4.50
58,4.66
58,4.66
59,4.34
61,4.09
62,4.09
64,4.34
64,4.17
62,3.84
61,4.34
61,4.42,E_START,88139
63,4.17
59,3.84
61,4.17
60,4.09
62,4.25
61,4.09
62,4.17
62,4.17
61,4.50
61,4.25
60,4.66
60,4.50
61,4.74
60,5.07
61,4.34
61,4.82
61,4.82
60,4.42
60,4.17
59,4.58
60,4.50
61,4.42
60,4.58
60,4.50
60,5.40
60,4.50
59,4.17
59,4.82
59,4.34
58,4.58
58,4.58
58,4.42
58,4.82
58,4.74
58,4.74
58,4.91
58,4.66
59,4.74
59,4.91
59,4.50
58,5.56
57,5.15
58,5.07
57,5.23
58,5.40
58,5.15
57,4.91
58,5.23
59,4.82
58,5.56
57,5.73
57,5.23
56,5.48
57,5.07
58,5.23
59,5.32
59,5.48
58,4.99
57,5.32
56,5.40
56,5.40
57,5.73
58,5.56
59,5.64
60,5.07
60,5.23
56,5.56
57,5.32
58,5.40
58,5.81
59,6.05
59,5.81
59,5.32
59,5.64
59,5.73
58,5.73
58,5.89
58,5.89
59,6.14
59,5.97
59,6.30
59,6.22
58,6.22
57,6.30
57,5.97
57,5.97
59,6.22
59,6.62
59,6.05
58,6.71
58,6.05
57,5.89
57,5.89
58,5.89
58,6.38
59,6.22
59,5.81
58,6.22
57,6.62
58,6.30
57,6.30
58,6.22
59,6.05
59,6.30
59,6.14
58,6.54
57,6.54
58,6.46
57,6.54
58,6.54
59,6.71
59,6.46
59,6.30
59,6.54
58,6.62
57,6.46
58,6.79
59,6.46
59,6.87
59,6.87
59,6.95
59,7.20
58,7.44
57,6.95
58,7.36
58,7.03
59,6.79
59,7.61
59,7.12
58,7.20
58,6.87
57,6.71
58,7.20
58,6.87
57,7.12
59,7.03
58,7.28
58,7.20
58,7.61
57,7.61
57,7.20
58,7.12
58,7.52
58,7.85
59,7.85
57,7.93
55,8.26
55,7.93
54,7.85
54,7.77
55,7.44
55,8.10
55,7.77
56,7.36
56,7.28
56,7.28
56,7.69
55,8.18
54,7.93
54,7.85
54,7.69
55,8.10
55,7.77
55,8.34
55,8.10
55,8.10
55,8.26
55,8.02
55,8.02
55,8.26
55,8.18
56,7.93
56,7.69
57,7.93
56,7.85
57,7.69
57,7.52
57,8.02
58,7.85
57,7.85
57,7.12
58,7.36
58,7.61
58,7.69
58,7.61
58,8.02
58,7.85
59,7.52
58,8.10
58,7.52
58,7.61
58,8.02
58,7.69
58,7.44
58,7.69
58,8.10
58,7.93
58,7.93
59,8.34
58,8.34
57,8.10
58,7.93
58,7.52
59,8.10
58,7.85
58,8.02
58,7.85
58,7.69
59,8.10
58,7.52
58,7.85
58,7.93
58,8.10
59,7.85
58,7.69
58,7.85
58,8.43
58,8.02
58,8.02
58,7.77
59,8.18
58,7.85
58,7.77
59,8.26
59,7.69
58,8.51
58,8.10
58,7.77
58,7.85
58,8.18
59,8.43
58,8.26
57,8.59
58,8.18
58,8.10
59,7.77
58,8.10
58,7.52
58,8.02
58,8.10
58,8.18
58,8.34
58,7.85
58,7.69
58,7.77
58,7.93
59,8.10
58,8.26
58,8.18
58,7.77
58,7.61
59,7.77
58,8.34
58,8.26
58,7.77
58,8.43
59,7.93
59,7.85
58,7.52
58,8.43
58,8.51
59,8.43
58,8.83
58,8.26
58,8.18
58,8.51
58,8.10
59,8.18
59,8.18
58,8.34
58,7.85
58,8.10
59,8.02
58,8.10
58,7.93
58,7.93
58,7.93
58,8.59
59,7.85
59,8.10
58,8.18
58,8.10
59,8.83
59,8.51
58,8.51
58,8.10
57,8.67
58,8.02
59,8.67
58,8.10
58,7.93
58,8.59
58,8.26
59,8.18
59,7.93
58,8.51
58,8.51
58,7.93,E_STOP,100344
58,8.26
59,8.02
58,7.85
57,7.69
58,8.02
60,8.18
58,7.77
58,8.10
58,8.43
58,7.77
58,7.85
58,8.34
58,8.34
58,8.18
58,8.18
59,8.18
58,8.10
58,8.34
58,7.77
58,8.26
58,8.43
59,8.34
58,8.18
58,8.18
58,8.10
58,8.43
59,7.85
59,7.69
58,7.85
58,8.10
58,8.02
58,7.77
58,8.02
58,8.18
58,7.93
58,7.85
58,8.18
57,8.10
56,8.18
57,8.34
59,7.69
59,7.85
59,8.59
58,8.51
57,8.51
57,8.75
58,8.51
59,8.43
59,7.85
58,8.18
57,7.93
58,8.10
59,8.43
59,8.34
58,8.18
58,8.34
58,8.10
58,8.10
59,7.85
59,7.93
58,8.18
58,8.75
58,7.77
57,7.93
58,8.02
58,8.02
59,7.28
58,7.36
58,7.69
58,7.52,D_OPEN,103211
59,7.52
58,7.36
58,7.69
58,7.36
58,7.44
57,7.28
58,7.12
58,7.36
60,7.77
58,7.77
58,7.61
59,7.69
59,7.44
58,7.12
58,7.69
58,7.44
59,7.20
58,7.52
59,7.61
58,7.36
58,7.77
58,7.93
57,7.85
58,7.77
59,8.10
58,7.61
58,7.52
58,7.52
58,8.02
58,7.36
58,8.02
58,7.44
58,7.77
58,7.77
58,7.44
58,7.77
58,7.77
58,7.93
58,7.93
58,7.20
58,7.61
58,7.20
58,7.61
58,7.93
58,7.69
58,7.61
58,7.36
58,7.44
58,7.93
58,7.20
58,7.69
58,7.12
58,7.20
58,7.61
59,7.28
58,7.69
58,7.36
58,7.52
58,7.52
58,8.10
58,7.52
58,7.44
58,7.52
59,7.44
58,7.12
58,7.93
58,7.28
58,7.61
58,7.44
58,7.77
58,7.61
58,8.26
58,7.77
58,7.52
58,7.85
58,7.52
58,7.28
58,7.69
58,7.93
58,7.93
58,8.02
58,7.93
58,7.28
58,7.36
58,7.69
58,7.85
58,7.52
58,7.20
58,7.69
58,7.44
58,7.44
58,6.87
58,7.03
58,7.36
58,7.36
58,7.44
58,6.95
58,7.28
58,7.52
58,7.20
58,7.36
58,7.52
59,7.28
58,7.36
58,7.28
58,7.12
59,7.77
58,7.93
58,7.36
58,7.12
58,7.28
58,6.71
58,7.52
58,7.44
58,7.61
58,7.44
58,7.28
59,7.03
58,7.52
58,6.95
58,7.36
58,7.44
58,7.44
59,7.36
58,7.77
58,7.12
58,7.61
58,7.03
58,7.28
58,7.85
58,7.03
58,7.52
58,7.36
58,7.93
58,7.61
58,7.52
58,7.52
58,7.93
58,7.44
59,7.61
58,7.44
58,7.12
58,7.44
59,7.12
58,7.36
58,7.03
58,7.69
58,7.20
58,7.28
58,6.95
58,7.36
58,7.61
58,7.93
58,7.61
58,7.61
58,7.61
58,7.52
58,7.12
58,7.61
58,7.28
58,7.44
58,7.85
58,7.28
58,7.44
58,7.77
58,7.69
58,7.36
58,7.20
58,7.77
58,7.36
59,7.52
58,7.69
58,7.52
58,7.28
58,7.44
58,7.85
58,7.85
58,7.36
58,7.36
58,7.61
58,7.93
58,7.77
59,7.61
58,7.69
58,7.36
58,7.61
58,7.69
58,7.69
58,7.36
58,6.95
58,7.20
59,7.28
58,7.44
58,7.36
58,7.28
58,7.61
58,7.28
58,7.69
58,7.44
58,7.69
58,7.44
58,7.69
58,7.52
58,7.28
58,7.61
58,7.93
58,7.52
58,7.85
58,7.85
58,7.61
58,7.77
58,8.34
58,7.93
59,7.93
58,7.44
58,7.85
58,7.85
58,7.85
58,8.18
58,7.52,D_CLOSE,112221
58,7.93
58,8.10
58,7.85
58,7.77
58,8.34
58,7.93
59,8.02
58,7.69
58,8.02
58,7.93
58,7.93
58,7.77
59,8.10
58,8.10
58,7.93
58,8.18
58,8.26
58,8.18
58,8.02
58,7.69
58,7.85
58,7.61
59,8.10
58,8.34
58,8.43
58,7.93
59,8.34
58,8.10
58,8.02
57,8.34
58,8.43
58,7.52
58,7.93
58,7.61
58,8.10
58,7.93
58,8.10
58,8.10
58,8.02
58,7.77
58,8.10
58,7.28
58,8.34
58,8.18
58,8.02
58,7.85
58,7.69
58,7.85
58,7.61
58,8.02
58,8.02
58,8.02
58,7.77
58,7.61
58,8.10
58,8.02
58,8.10
58,7.93
58,8.67
58,8.51
58,7.77
58,8.18
58,7.77
58,8.18
58,8.18
58,7.77
59,8.02
58,7.85
58,8.18
57,7.77
57,8.10
56,8.10
55,8.34
55,7.85
55,7.69
56,7.69
56,8.02,E_START,115375
68,8.26
57,8.34
56,8.02
56,8.02
55,7.69
55,8.02
54,7.77
55,8.10
56,8.02
56,7.69
56,7.93
56,7.44
56,7.52
56,7.69
56,8.02
56,8.02
55,8.26
56,8.51
56,8.26
55,8.34
56,8.18
57,8.10
57,7.69
58,7.93
59,7.28
59,7.85
60,7.93
59,7.69
58,7.69
58,7.93
57,7.61
57,7.85
58,7.36
58,7.85
58,7.44
58,7.36
58,7.77
58,7.52
58,7.77
58,8.02
58,7.93
58,7.44
58,7.69
58,7.03
59,7.44
58,7.03
58,7.69
58,7.03
58,7.03
58,7.61
58,7.61
58,6.79
58,7.52
58,7.03
58,7.61
58,7.36
58,6.95
58,7.36
58,7.12
58,7.36
58,7.69
58,7.69
58,7.28
58,7.52
58,7.28
58,6.95
58,6.95
58,7.20
58,7.12
58,7.77
58,7.28
58,7.20
58,7.61
58,7.36
58,6.79
58,6.54
59,7.20
58,7.20
58,6.95
58,6.87
59,6.62
59,6.87
58,6.95
58,7.36
58,6.95
58,6.87
58,6.79
58,7.12
58,7.36
58,7.28
59,6.62
58,7.03
58,6.71
58,6.38
58,6.46
58,6.71
58,6.38
58,6.54
58,7.12
58,6.30
58,6.79
59,6.71
58,6.38
58,6.71
57,6.95
58,6.87
58,6.95
58,6.95
58,6.46
58,6.62
58,7.44
58,7.20
58,7.28
59,7.12
58,6.79
58,6.30
58,6.14
58,6.38
58,6.71
58,6.62
58,6.38
58,6.54
59,6.30
58,5.89
58,6.05
58,6.22
58,6.79
58,6.14
58,5.97
58,5.97
58,6.38
58,6.22
58,6.54
58,6.30
57,6.30
58,6.14
58,6.05
58,5.64
58,5.81
59,5.97
58,5.48
58,6.05
58,5.40
58,6.22
58,5.81
58,5.89
58,5.64
58,5.40
59,5.48
58,6.22
58,5.89
58,5.97
58,5.48
58,5.40
58,5.48
58,5.32
58,5.81
58,6.14
59,5.15
58,6.22
58,5.81
58,5.07
58,4.99
58,5.73
58,5.56
59,5.48
58,6.05
58,5.23
58,5.48
58,5.40
58,5.40
58,5.15
58,5.64
58,5.64
58,5.56
58,5.32
58,5.73
58,5.32
58,5.32
58,5.73
58,5.32
58,5.23
58,5.15
58,5.23
59,5.64
58,5.64
58,5.73
58,5.40
58,4.82
58,5.40
58,5.07
58,5.15
58,5.48
58,5.07
58,4.91
58,5.23
58,4.99
58,4.99
58,4.50
58,5.07
58,5.15
58,4.99
58,5.40
58,5.23
58,5.15
58,5.07
58,4.82
58,5.15
58,5.32
58,4.58
58,4.82
58,5.48
58,4.74
58,4.66
58,4.82
58,4.82
58,4.82
58,4.58
58,4.50
58,4.66
58,4.74
59,4.66
58,4.66
58,4.58
58,4.66
58,3.76
58,4.34
58,4.50
58,4.25
58,4.66
58,4.25
58,4.91
58,4.34
58,5.07
58,5.07
58,4.74
58,4.91
58,4.66
58,5.07
58,4.17
58,4.42
58,4.25
58,3.68
58,4.34
58,4.42
58,3.84
58,3.84
58,4.58
59,4.42
58,4.34
58,4.25
59,4.17
58,4.58
58,4.42
58,4.25
58,3.43
59,4.42
58,4.17
58,3.52
58,4.42
58,4.17
58,4.09
58,4.09
57,4.34
58,3.60
59,3.84
58,3.68
58,3.68
58,3.68
58,3.68
58,3.35
58,3.60
58,3.60
58,3.76
58,3.60
58,3.60
58,3.43
58,3.35
58,3.52
58,4.34
58,3.11
58,3.35
58,3.19
59,3.60
58,3.19
58,3.68
58,3.43
58,4.09
58,3.43
58,3.11
58,3.43
58,3.27
58,3.60
58,3.03
58,2.94
58,2.94
58,3.27
58,3.03
58,3.11
58,3.19
58,3.35
58,2.94
58,3.68
59,3.11
58,3.03
58,3.11
58,3.43
58,2.78
58,2.78
58,2.94
58,2.86
58,2.78
58,2.70
58,2.70
58,2.70
58,3.43
58,3.19
58,2.54
58,2.86
59,3.19
58,2.78
58,2.94
58,2.70
58,2.54
58,2.70
58,2.62
58,2.78
58,3.03
58,3.03
58,2.86
58,2.37
58,2.54
58,2.29
58,2.29
59,2.37
58,2.45
58,2.62
58,2.70
58,2.29
58,2.78
58,2.62
58,2.37
58,2.21
58,2.29
58,2.45
58,2.78
59,2.45
58,2.78
58,2.86
58,2.70
58,2.54
58,2.70
58,2.78
58,2.54
58,3.03
58,2.54
58,2.29
58,2.13
58,2.78
58,2.86
58,2.21
58,2.05
58,2.29
58,2.29
58,2.05
58,2.13
58,2.05
59,2.29
58,2.13
58,2.21
58,2.05
58,2.21
58,2.70
58,2.05
59,1.96
58,2.05
58,2.45
58,2.05
58,1.96
58,1.55
58,1.88
58,1.72
59,1.80
58,1.47
58,1.72
58,1.64
58,2.05
58,1.72
58,1.55
59,2.29
58,1.80
58,1.31
58,1.31
58,1.15
58,1.31
58,1.47
58,1.55
58,1.31
58,1.96
58,1.39
58,1.15
58,1.23
58,1.80
58,1.96
58,1.31
58,1.39
58,1.64
58,1.96
58,1.80
58,1.80
58,1.31
58,1.23
58,0.82
58,1.06
58,1.15
58,0.90
58,1.47
58,1.06
58,0.82
58,0.82
58,0.66
58,1.47
58,1.23
58,0.98
58,1.06
58,1.06
58,1.15
58,1.47
59,0.98
58,0.74
58,0.49
58,0.49
58,1.23
58,1.06
58,0.41
58,0.90
59,1.47
58,0.82
58,0.41
59,0.66
58,0.74
58,0.66
59,0.66
58,1.06
59,0.57
58,1.23
58,0.41
58,0.98
58,0.33
58,0.16
58,0.66
58,0.57
58,0.82
58,0.08
58,0.66
58,0.49
59,0.57
59,0.00
60,-0.08
59,1.06
59,0.41
59,0.66
59,0.74
59,-0.08
59,0.82
59,0.90
60,0.82
59,0.16
59,0.66
59,0.41
59,0.57
59,0.08
59,0.16
59,-0.25
59,-0.08
59,0.41
59,0.49
59,-0.17
59,-0.08
59,-0.17
59,0.00
59,-0.08
59,0.08
59,0.00
59,-0.33
59,-0.17
59,0.49
59,0.08
59,0.25
59,0.00
59,0.25
59,0.00
59,-0.41
59,0.41
59,0.00
59,-0.17
59,-0.33
59,-0.66
59,-0.33
59,-0.08
59,-0.25
59,0.25
59,-0.17
59,0.16
59,0.25
59,-0.41
59,-0.08
59,0.25
59,0.08
59,0.41
59,-0.49
59,0.00
59,0.33
59,0.00
59,0.25
58,0.41
58,-0.08
58,-0.49
58,-0.08
58,0.00
58,-0.74
58,-0.58
58,-0.49
58,-0.17
58,0.08
58,0.16
58,-0.33
58,-0.25
58,0.00
58,0.49
58,0.00
58,-0.08
58,0.08
58,0.08
58,-0.08
58,-0.33
58,0.25
58,0.00
58,-0.49
58,0.00
58,-0.33
58,-0.41
58,-0.08
58,0.00
58,0.16
58,-0.08
58,-0.17
58,-0.25
58,-0.33
58,-0.08
58,0.08
58,0.00
58,-0.41
58,-0.33
58,-0.33
58,-0.17
58,-0.17
58,-0.58
58,0.00
59,-0.41
58,-0.25
58,-0.17
58,-0.17
58,-0.25
58,0.16
58,-0.33
58,0.33
59,-0.17
58,0.25
58,-0.08
58,-0.08
58,0.08
58,-0.58
58,-0.17,E_STOP,138880
58,0.00
59,-0.08
57,0.49
58,0.00
58,-0.17
58,0.16
56,-0.17
58,0.25
58,-0.17
59,0.33
58,-0.08
58,-0.17
58,0.41
58,0.66
58,0.49
58,0.08
58,0.08
58,0.25
58,0.16
58,-0.17
59,-0.08
58,-0.25
58,-0.25
58,-0.33
58,-0.08
58,0.16
58,0.08
58,-0.08
58,0.49
58,0.16
58,0.41
59,0.16
58,-0.33
58,-0.25
58,0.16
58,0.16
58,0.66
58,0.16
58,-0.25
58,0.25
58,0.08
58,-0.08
58,0.00
58,-0.17
58,-0.17
58,-0.17
59,-0.08
60,0.33
61,-0.08
62,-0.08
60,0.08
57,-0.08
56,-0.08
55,-0.25
57,-0.41
59,-0.17
59,-0.58
60,-0.25
59,-0.17
58,-0.41
57,-0.41
57,-0.74
58,-0.41
59,-0.33,D_OPEN,141501
59,-0.25
59,-0.08
58,-0.08
58,-0.74
58,-0.74
60,-0.08
58,0.16
59,-0.17
59,-0.90
58,-0.33
60,-0.33
58,-0.58
58,-0.49
58,-0.90
59,-0.25
59,-0.58
57,-0.33
58,-0.58
58,-0.58
58,-0.33
58,-0.58
58,-0.66
58,-0.17
59,-0.66
58,-0.66
58,-0.49
57,-0.66
59,-0.98
59,-0.98
58,-0.74
59,-0.41
58,-0.82
58,-0.74
58,-0.41
58,-0.49
58,-0.49
58,-0.25
58,-0.66
58,-0.66
58,-0.17
58,-0.49
59,-0.41
58,-0.58
58,-0.90
58,-0.49
58,-0.82
58,-0.74
58,-0.66
59,-0.41
58,-0.90
58,-0.41
58,-0.74
58,-0.82
58,-0.98
58,-0.66
58,-1.07
58,-1.07
58,-1.07
58,-0.74
59,-0.74
58,-0.90
58,-0.82
58,-0.58
58,-0.74
58,-0.66
58,-0.58
58,-1.15
58,-0.90
58,-0.98
58,-1.07
58,-0.66
58,-0.66
59,-0.58
58,-1.07
58,-1.31
58,-1.07
58,-0.98
58,-0.41
58,-0.90
59,-0.74
58,-1.07
58,-1.07
58,-0.98
58,-0.66
58,-0.49
58,-0.98
58,-0.66
58,-1.07
58,-1.39
58,-1.07
58,-1.15
58,-0.74
58,-0.74
58,-1.23
58,-0.98
58,-0.82
58,-0.25
58,-0.74
58,-0.66
58,-0.90
58,-1.07
58,-0.74
58,-0.82
58,-1.31
58,-0.33
59,-0.49
58,-0.74
58,-1.15
58,-1.15
58,-1.07
58,-1.15
58,-1.15
58,-0.82
58,-0.98
58,-1.47
58,-1.15
58,-1.47
58,-1.15
58,-0.98
58,-1.31
58,-0.98
58,-0.98
58,-0.82
59,-0.66
58,-0.66
58,-0.66
58,-0.58
58,-0.98
58,-0.90
58,-0.82
58,-0.98
58,-0.66
58,-0.98
58,-0.82
58,-1.39
58,-1.07
58,-0.66
59,-0.74
58,-1.15
58,-0.90
58,-1.23
58,-0.98
58,-0.90
58,-0.74
59,-0.82
58,-0.82
58,-0.74
58,-0.74
58,-0.90
58,-0.82
58,-1.07
59,-0.49
58,-0.90
58,-0.66
58,-1.07
58,-0.90
58,-0.66
58,-0.58
58,-0.74
58,-0.82
58,-0.66
58,-0.82
58,-0.90
58,-1.15
58,-0.66
59,-0.17
58,-0.58
58,-0.74
58,-0.49
58,-0.74
58,-0.58
58,-1.15
58,-0.66
58,-0.82
58,-0.82
58,-0.82
58,-0.58
59,-1.31
58,-0.66
58,-0.41
58,-0.82
59,-0.66
59,-0.49
59,-0.66
58,-0.41
58,-0.17
59,-0.82
58,-0.98
58,-0.82
58,-0.41
59,-0.58
58,-0.49
59,-0.41
58,-0.66
58,-1.07
58,-1.15
58,-0.82
58,-0.82
58,-0.90
58,-1.31
58,-1.07
58,-0.58
58,-1.47
58,-0.74
58,-0.82
58,-0.74
58,-0.66
58,-0.98
58,-0.74
58,-0.41
58,-0.74
59,-1.07
58,-0.98
58,-0.49
58,-0.74
58,-0.74
58,-1.23
58,-0.82
59,-1.15
59,-0.82
58,-0.98
59,-1.31
58,-0.98
58,-0.98
59,-1.23
58,-1.31
58,-0.82
58,-1.07
58,-1.31
58,-0.58
59,-0.90
58,-0.17
58,-0.66
58,-0.74
58,-0.58
59,-1.15
58,-0.33
58,-0.98
58,-0.17
58,-0.58
58,-0.66
58,-0.41
58,-0.98
58,-0.66
58,-0.82
59,-1.23
59,-0.98
58,-0.33
58,-1.23
58,-1.07
59,-0.98
58,-1.31
58,-0.74
58,-1.23
59,-0.98
59,-1.07
58,-0.82
58,-0.90
58,-0.98
58,-0.33
59,-0.98
58,-0.49
58,-0.66
58,-0.82
58,-0.49
58,-0.82
58,-0.82
59,-1.23
58,-0.41
58,-0.41
58,-1.07
58,-0.58
58,-0.90
58,-0.58
58,-0.33
58,-0.33
58,-0.33
58,-0.33
58,-0.33
58,-1.07
58,-0.66
58,-0.58
58,-0.49
58,-0.82
58,-0.33
58,-0.58
58,-0.33
58,-0.82
58,-0.49
58,-0.66
58,-1.07
58,-0.66
58,-0.82
58,-1.15
58,-0.98
58,-0.82
58,-0.74
58,-0.90
58,-0.98
58,-1.07
58,-0.82
58,-0.58
58,-0.74
58,-0.74
58,-0.82
58,-1.23
58,-1.23
58,-0.82
58,-1.23
58,-0.66
58,-0.33
58,-0.66
58,-0.41
58,-0.58
58,-0.82
58,-0.25
58,-0.17
58,-0.82
58,-0.41
59,0.00
58,-0.58
58,-0.33
58,-0.74
59,0.08
58,-0.58
58,-0.41
58,-0.25
58,-0.58
59,-0.17
58,-0.33
58,-0.33
59,-0.25,D_CLOSE,155109
57,-0.49
58,-0.08
58,-0.66
58,0.16
58,-0.82
58,0.33
58,0.25
58,-0.08
58,-0.25
58,0.08
58,-0.25
58,-0.17
58,-1.15
58,-0.49
58,-0.25
58,-0.08
58,-0.08
58,-0.49
58,-0.17
58,-0.41
58,-0.33
58,-0.25
58,-0.25
58,-0.17
58,-0.33
58,-0.25
58,0.08
58,-0.08
58,-0.33
58,-0.82
59,-0.58
58,-0.41
58,0.08
58,-0.41
58,-0.25
58,-0.33
58,-1.15
58,-0.33
58,-0.41
58,-0.17
58,-0.90
58,-0.49
58,-0.41
58,-0.58
58,-0.41
58,-0.49
58,-0.17
58,-0.08
58,-0.17
58,-0.25
58,0.00
58,0.08
58,0.08
60,-0.08
57,-0.33
58,-0.08
58,-0.41
58,0.00
58,0.16
58,0.00
58,-0.41
58,0.00
58,-0.41
58,-0.66
58,-0.17
58,0.00
58,-0.66
57,-0.90
58,-0.08
58,-0.17
59,-0.33
60,0.08
61,-0.17
63,-0.25
63,-0.41,E_START,158181
62,0.16
62,-0.25
60,-0.49
61,-0.82
58,-0.08
61,-0.90
61,0.08
61,-0.90
62,-0.17
62,0.08
61,0.00
61,-0.90
60,-0.74
61,0.00
61,0.16
60,-0.66
61,0.41
61,0.08
61,-0.33
61,0.08
61,-0.66
60,0.08
60,-0.08
60,0.41
60,0.00
60,0.00
60,0.25
60,0.08
59,0.16
59,0.66
60,0.08
59,0.25
59,0.33
58,0.49
57,0.57
58,0.57
57,0.66
58,0.74
59,0.49
59,0.00
60,0.90
59,1.15
57,0.74
58,0.49
58,0.25
58,0.16
58,0.00
58,0.57
58,0.66
59,0.90
58,0.66
58,0.66
58,1.06
57,0.98
58,0.82
59,0.90
58,1.31
58,1.15
58,1.31
58,0.98
58,1.23
59,1.06
58,1.15
59,1.55
57,0.82
58,1.23
58,1.72
58,0.90
58,1.47
59,1.39
59,1.15
59,1.47
59,1.23
58,1.64
58,1.55
58,0.82
58,1.39
59,1.47
59,1.72
58,1.64
58,2.05
58,0.82
58,1.88
58,1.80
58,1.47
58,1.72
59,1.72
58,1.72
58,2.29
58,2.45
58,2.37
58,2.29
58,2.05
58,1.80
58,1.64
58,1.88
58,1.80
58,2.21
58,1.80
58,2.13
59,1.80
58,2.21
58,2.62
58,2.37
58,2.45
58,2.37
58,2.54
58,2.29
59,2.70
59,2.78
58,2.45
58,2.45
58,3.19
58,2.62
59,2.62
59,2.21
58,2.13
58,2.78
58,2.13
57,2.45
58,2.78
58,2.70
58,2.86
59,3.03
58,2.37
58,2.54
58,3.19
58,3.35
58,2.86
59,3.11
59,3.52
58,3.52
58,2.86
58,3.11
58,3.35
58,2.94
58,3.43
59,3.52
59,3.27
58,3.43
58,3.35
58,3.27
58,3.19
58,2.86
59,3.35
58,4.09
59,3.76
59,3.03
58,3.03
58,4.58
58,3.27
59,3.68
59,3.43
58,3.43
59,3.60
58,3.76
58,3.68
59,3.11
58,3.52
58,3.43
59,3.68
57,3.43
58,4.34
58,4.50
58,4.34
58,4.09
59,4.34
58,4.34
58,3.76
59,4.42
58,3.43
58,4.09
58,4.09
58,4.58
58,4.50
59,4.25
58,5.07
59,5.07
59,4.34
58,4.74
58,4.82
58,4.50
58,4.42
59,4.66
58,4.66
58,4.66
59,4.82
58,4.17
58,4.74
58,4.42
58,5.15
58,4.66
59,5.32
59,5.07
59,5.32
59,4.66
58,4.42
58,4.58
58,4.74
58,4.42
58,4.25
59,4.82
58,4.74
58,5.23
58,5.07
58,4.66
58,4.66
58,4.82
58,4.99
59,4.91
58,4.99
57,5.48
57,4.91
57,4.99
57,4.91
59,5.07
59,5.32
59,5.89
59,5.32
58,5.48
58,5.89
58,5.73
58,5.48
59,5.15
59,4.82
59,5.15
58,5.73
58,5.40
58,5.64
57,5.81
57,5.40
59,5.23
59,6.05
58,6.05
58,5.73
58,5.97
57,5.81
57,6.05
58,5.81
58,6.05
58,6.22
58,6.05
57,5.81
58,6.14
57,6.38
58,5.81
58,6.38
58,5.73
59,6.22
59,6.38
57,6.54
58,6.46
58,6.14
58,6.38
58,6.46
59,6.30
59,6.46
59,6.62
58,6.30
58,6.62
58,6.30
59,6.54
58,6.71
59,6.79
58,6.79
59,7.03
58,6.14
58,6.46
57,6.87
58,6.62
59,6.54
59,6.46
58,6.14
58,6.62
58,6.71
58,6.62
57,6.54
58,6.79
58,6.54
59,6.95
58,6.62
58,6.71
57,7.28
58,6.30
57,7.03
58,6.87
59,6.79
58,7.52
59,7.36
58,7.36
58,7.36
57,7.36
58,6.87
58,7.36
59,7.61
59,7.36
58,7.12
58,7.36
58,7.36
57,7.52
58,7.69
58,7.52
59,7.44
59,7.52
58,7.28
58,7.12
58,7.93
58,7.61
58,8.02
58,7.61
56,7.44
56,7.52
54,7.61
54,7.93
54,7.52
54,7.93
56,8.26
56,7.69
56,8.10
56,7.93
55,8.02
55,8.02
54,7.93
55,7.77
54,7.93
54,7.77
54,7.61
55,7.77
55,8.10
55,8.10
54,7.69
55,8.18
55,8.18
55,8.02
56,8.10
55,8.34
56,7.69
56,8.02
56,7.77
57,7.85
57,7.77
57,7.85
58,7.85
58,7.77
58,7.93
58,7.77
58,7.93
58,7.93
59,7.36
58,7.77
58,7.69
58,7.69
58,7.52
58,8.10
58,7.77
58,7.93
58,7.77
58,7.93
58,8.26
58,7.52
58,7.69
58,8.02
58,7.85
59,8.02
58,7.93
58,8.18
58,7.61
58,7.36
58,8.10
58,7.61
58,7.93
58,7.61
58,7.61
58,7.93
58,7.69
59,7.77
58,7.69
58,8.02
58,7.93
59,7.61
58,7.69
58,8.10
57,7.85
58,8.18
58,8.34
58,7.85
58,7.69
58,7.77
58,7.93
59,8.02
58,7.85
58,7.85
58,7.77
58,8.26
58,7.85
59,7.69
59,7.93
58,8.43
59,8.43
58,8.26
58,8.10
58,8.10
58,7.77,E_STOP,174685
58,7.85
58,7.85
58,8.51
58,7.69
58,8.43
58,8.02
52,8.10
58,8.43
57,8.10
57,8.43
58,8.34
58,8.26
58,8.34
58,7.85
58,7.85
58,8.43
59,8.10
58,8.34
58,7.61
58,7.93
58,7.93
58,8.43
58,7.77
58,8.02
58,7.85
58,8.18
58,8.02
59,8.02
58,8.02
58,7.77
58,8.18
58,8.02
59,8.26
58,8.18
58,8.02
58,7.93
58,8.10
58,8.10
59,8.83
58,8.51
58,8.51
58,8.43
59,8.26
58,8.43
58,8.75
58,8.43
58,8.02
59,8.67
58,8.02
59,8.59
58,8.26
58,8.26
59,8.43
58,8.43
59,8.26
58,8.26
58,8.26
58,8.34
58,8.26
59,8.02
58,8.18
58,8.26
58,7.69
58,8.10
59,8.43
58,7.93
58,8.51
58,8.51
58,8.51
59,8.26
59,8.02
58,8.26
58,8.26
58,8.34
59,8.02
59,8.26
58,7.85
58,8.34
58,8.18
59,7.77
58,7.77
58,8.18
58,8.43
58,8.18
58,8.10
59,8.18
59,7.85
58,8.18
58,8.02
58,8.02
58,8.83
58,8.26
58,8.51
57,8.51
56,8.59
56,8.43
57,7.93
58,7.93
59,8.02
59,8.43
58,8.34
57,8.02
57,8.18
58,7.93
59,8.26
59,7.85
59,8.10
58,8.26
57,8.43
58,8.34
58,8.18
58,8.26
58,8.34
58,8.59
57,7.93
58,8.18
59,7.85
59,8.18
58,7.77
58,7.77
58,8.43
58,8.10
58,8.51,D_OPEN,179723
58,8.10
59,8.02
58,7.36
58,7.52
58,7.28
60,7.69
58,7.93
58,7.61
58,7.77
58,7.77
59,7.12
59,7.61
58,7.44
58,7.44
58,7.61
58,7.12
58,7.44
58,7.69
58,7.44
58,7.69
58,7.85
58,7.93
58,7.69
58,7.61
58,7.77
58,8.18
59,7.77
58,7.93
58,7.12
58,7.93
58,7.93
58,7.77
58,7.85
58,8.18
58,7.93
58,8.18
59,7.93
58,7.61
58,7.20
58,7.61
58,7.52
59,7.44
58,7.85
59,7.44
58,7.61
58,8.02
58,7.93
58,7.93
58,7.93
58,7.69
58,7.36
58,7.36
59,7.52
58,7.52
58,7.85
58,7.52
58,7.61
58,7.77
58,7.52
58,7.85
58,7.36
58,7.36
58,7.93
58,7.36
58,7.44
58,7.52
58,7.85
58,7.44
58,7.85
58,7.52
58,7.52
58,7.28
58,8.10
58,7.61
58,7.85
58,7.85
58,7.52
58,7.36
58,7.85
58,8.10
58,7.44
58,7.77
58,7.77
58,7.52
58,7.52
58,7.36
58,7.52
58,7.93
58,7.61
58,7.52
59,7.93
58,7.44
58,7.36
58,7.36
58,7.44
58,7.61
58,7.36
58,7.93
59,7.44
58,7.61
58,7.61
58,7.28
58,7.36
59,7.61
58,7.28
58,7.52
58,7.69
58,7.61
59,7.69
58,7.44
58,7.85
58,7.77
59,7.28
58,7.61
59,7.77
58,7.61
59,7.44
58,7.28
58,8.34
59,7.93
58,7.44
58,8.02
58,7.52
59,8.10
59,7.61
58,7.52
58,7.52
58,7.44
58,7.52
58,6.95
59,7.44
58,7.20
58,7.93
58,7.52
58,7.52
58,7.69
59,7.36
58,7.36
58,7.69
58,7.61
58,8.10
59,7.52
58,7.69
58,7.61
58,7.77
58,7.77
58,8.02
58,7.93
58,7.69
58,7.77
58,7.85
58,7.93
58,7.77
58,7.69
58,7.77
58,7.61
58,7.93
58,7.85
58,7.77
58,8.34
59,8.26
58,8.34
58,8.10
58,7.77
58,7.44
58,7.44
58,7.36
59,7.44
58,7.85
58,7.85
58,7.36
58,7.28
58,7.28
58,7.52
58,7.36
58,7.61
58,7.61
58,7.52
58,7.77
58,8.02
58,7.77
58,7.52
59,8.10
58,7.61
58,7.69
58,7.36
58,7.52
58,7.77
59,7.69
58,7.93
58,7.44
58,6.95
58,7.61
58,7.28
58,7.28
58,7.69
58,7.36
58,7.61
58,7.20
59,7.52
58,8.18
58,7.85
58,7.93
58,7.28
58,7.28
58,7.52
58,7.44
58,7.61
58,7.61
58,7.61
59,7.77
59,8.43
58,7.69
58,7.69
59,8.02
58,8.10
58,8.34
58,7.77
58,8.02,D_CLOSE,188693
59,7.77
57,7.77
58,8.34
59,7.93
58,7.93
54,8.59
57,8.43
58,8.10
58,7.77
58,8.10
58,8.10
58,8.26
58,8.43
59,8.02
58,8.26
58,8.10
58,8.26
59,8.26
58,7.93
57,8.18
59,8.02
58,8.34
58,8.34
58,8.10
58,8.34
58,8.26
58,8.02
58,8.34
58,8.59
58,8.34
58,8.18
58,8.51
58,8.18
58,8.02
57,8.02
58,8.18
58,8.18
58,8.51
58,8.34
58,8.83
58,8.26
58,9.00
58,8.34
58,7.93
58,8.43
58,8.83
58,8.92
58,8.59
59,8.59
58,8.43
58,8.75
58,8.67
58,8.34
58,8.75
58,8.67
58,8.34
58,8.18
58,8.59
58,8.02
58,8.10
58,8.34
57,8.02
58,8.02
58,7.77
58,8.10
58,8.18
58,8.10
58,8.18
58,8.43
58,8.34
58,8.43
58,8.43
58,8.59
59,8.59
58,8.34
58,8.51
58,8.26
58,8.59
57,8.59
56,8.92
56,9.00
55,8.34
55,8.83
55,8.18
56,7.93
57,8.75
57,8.67
56,8.26
56,8.43
55,8.02
55,7.69
55,8.59
55,8.02
55,8.02
56,8.43
56,8.75
56,8.02
56,8.92
56,8.43,E_START,192748
57,8.26
56,8.18
55,8.26
55,8.02
56,7.93
56,8.26
56,8.02
56,7.85
57,8.02
58,7.52
59,7.44
59,7.77
59,8.10
58,7.77
58,8.10
57,8.10
57,8.10
58,8.18
58,8.59
59,7.69
58,8.26
59,7.85
58,8.26
58,7.93
57,7.61
58,8.18
58,7.61
58,7.77
58,7.77
58,7.61
58,7.28
59,7.44
58,7.44
58,7.69
58,7.85
58,7.93
58,7.69
58,7.20
58,7.36
58,7.85
58,8.10
58,8.26
58,7.69
58,8.02
58,7.44
59,7.44
58,7.44
58,7.61
58,7.85
58,7.77
58,7.93
58,8.18
58,7.20
58,7.69
58,7.28
58,7.85
58,7.20
58,7.52
58,7.12
59,7.44
58,7.36
58,7.12
58,7.61
59,7.61
58,7.44
58,7.85
58,7.28
59,7.28
58,7.12
58,7.12
58,7.20
58,7.20
58,7.61
58,7.52
58,7.61
58,7.36
58,7.28
58,6.79
59,7.03
58,7.03
58,7.36
58,7.12
58,6.54
58,6.54
58,7.12
58,7.28
59,7.20
58,7.20
58,6.95
58,7.20
58,7.28
58,6.95
58,6.14
58,7.36
58,6.79
58,7.03
58,6.95
58,7.03
58,7.12
58,6.62
59,7.20
59,6.87
58,6.62
58,6.87
58,6.79
58,7.12
58,6.71
58,7.03
58,7.12
58,6.79
58,6.79
59,6.71
58,6.71
58,6.62
58,6.95
58,6.71
59,6.46
58,6.87
58,6.38
58,6.38
58,6.87
58,6.22
58,6.71
59,6.62
58,6.14
58,6.30
58,5.97
58,6.30
59,6.22
58,5.97
58,6.46
58,6.30
58,6.46
59,6.38
58,6.30
58,5.97
58,6.22
58,6.05
58,6.30
58,6.05
57,5.97
58,6.14
58,6.14
58,6.38
58,6.30
58,5.56
58,6.05
58,6.38
58,6.54
58,6.30
58,6.30
58,5.97
58,5.89
59,5.64
58,5.48
58,6.14
58,5.89
58,6.05
58,5.73
58,5.64
58,5.97
58,6.54
58,6.38
58,6.14
58,5.73
59,5.81
58,5.64
58,5.40
58,5.97
58,5.73
58,5.89
58,5.32
58,5.56
58,5.23
58,5.32
58,4.99
58,5.23
58,5.07
58,4.82
58,5.40
58,5.32
58,5.64
59,5.15
58,5.64
58,5.56
58,5.32
58,5.23
58,5.15
58,5.40
58,4.91
58,4.74
59,5.48
59,4.50
58,4.66
58,5.15
58,5.07
58,5.40
58,5.32
58,5.07
58,4.66
59,4.74
58,5.23
58,4.99
59,4.91
58,5.15
58,4.82
58,4.99
58,5.40
58,4.82
59,5.15
58,4.74
58,4.50
58,4.74
58,4.74
58,4.34
58,4.58
58,4.34
58,4.34
58,4.50
58,4.58
58,4.66
58,4.66
58,4.25
58,4.99
58,4.58
58,4.74
58,4.58
58,4.25
58,4.25
58,4.50
58,4.82
58,4.66
58,4.66
58,4.25
59,4.34
58,4.42
58,4.34
58,4.50
58,4.42
58,4.82
58,3.68
58,4.25
59,4.91
58,4.58
59,4.25
58,4.42
58,4.50
58,4.17
58,4.09
58,4.34
58,4.17
59,4.42
58,4.34
58,4.25
58,4.25
58,4.25
58,4.34
58,3.60
58,3.68
58,3.43
58,4.09
58,4.25
58,4.50
58,4.17
58,4.17
58,4.25
58,3.84
58,3.84
58,3.68
58,3.19
58,3.19
58,3.76
58,4.34
58,3.76
58,3.52
58,4.50
58,4.34
58,3.84
58,3.19
58,2.94
58,3.68
58,3.60
58,3.43
58,3.60
58,3.19
58,3.43
59,3.52
58,3.68
59,3.60
58,3.11
58,3.60
58,3.19
59,3.68
58,3.52
58,3.52
58,3.35
58,3.27
58,3.35
58,3.52
58,3.60
58,3.43
58,2.78
58,2.86
58,3.27
58,3.35
58,3.11
58,3.11
58,3.35
58,3.11
59,2.94
59,3.03
58,3.03
58,3.19
58,3.19
58,3.11
58,2.94
58,3.11
58,2.78
58,3.11
58,3.43
58,3.03
58,3.03
58,3.03
58,3.35
59,3.11
58,2.86
58,3.11
58,3.19
58,2.86
58,3.03
58,3.19
58,3.19
59,2.70
58,3.19
58,3.03
58,3.03
58,2.94
58,3.11
58,3.03
58,3.19
58,2.94
58,2.70
58,2.70
58,2.86
58,2.54
58,1.96
58,2.70
58,2.45
58,2.86
58,2.45
58,2.29
58,2.37
58,2.54
59,2.54
59,2.78
58,2.54
58,2.86
59,2.45
58,2.37
58,2.37
58,2.45
58,2.05
58,2.45
58,2.45
58,1.96
59,2.29
58,1.80
58,2.37
59,1.88
59,2.05
58,2.21
58,2.29
58,2.37
58,2.37
58,2.21
58,2.05
59,2.54
58,2.21
58,2.13
58,1.96
58,2.21
58,2.37
58,2.21
58,1.80
58,1.47
58,2.21
59,2.37
58,1.96
58,1.80
59,2.05
58,1.88
58,1.39
58,1.72
58,1.39
58,1.31
58,1.55
58,0.74
59,1.39
58,1.15
58,2.05
58,1.64
58,1.72
58,1.64
58,0.98
58,1.64
58,1.31
58,1.31
58,1.23
58,1.23
58,1.06
58,1.06
58,1.80
58,1.47
58,1.72
58,1.64
58,1.23
58,1.64
58,1.39
59,1.39
58,1.15
58,1.39
58,0.90
58,1.23
58,1.31
58,1.47
58,0.90
59,1.31
58,1.23
58,1.31
58,0.98
58,1.06
58,1.06
58,1.06
58,1.15
58,0.90
58,0.66
58,0.57
58,0.98
58,1.15
58,0.98
58,1.06
58,0.74
59,0.82
59,1.39
59,1.80
60,1.64
60,0.98
59,0.82
59,0.74
59,1.23
59,1.06
59,0.74
59,0.74
59,0.74
59,1.23
59,0.90
60,0.57
59,0.74
59,0.57
59,0.74
59,0.33
59,0.74
59,0.57
59,0.66
59,0.41
59,1.06
59,0.57
59,0.66
59,0.41
60,0.66
59,0.41
59,0.33
59,0.41
59,0.57
59,1.06
59,0.57
60,0.25
59,0.66
59,0.74
59,0.57
59,0.57
59,0.49
59,0.57
59,0.66
59,0.74
59,0.90
59,0.57
59,0.49
59,0.33
59,0.74
59,0.66
59,0.08
59,0.08
59,0.08
59,0.25
59,0.57
59,-0.17
59,0.41
59,0.41
59,0.25
59,0.41
58,0.49
58,0.25
58,0.08
58,0.08
58,0.16
58,0.49
58,0.25
58,0.49
58,0.66
58,-0.08
58,0.00
58,0.49
58,0.08
58,0.41
58,0.57
58,0.49
58,0.33
58,0.74
58,0.49
58,0.25
58,0.25
58,0.90
58,0.25
59,0.57
59,0.74
59,0.00
58,0.41
58,0.90
58,0.49
58,1.06
58,0.66
58,0.82
58,0.98
58,1.06
58,0.82
58,0.90
58,0.57
58,0.33
58,0.16
58,0.57
58,0.57
58,1.31
58,0.57
58,0.74
59,0.82
58,-0.41
58,0.74
58,0.57
58,0.33
58,0.49
58,0.33
58,0.25
58,0.74
58,0.57
58,0.74
58,0.33
58,0.33
58,0.16
58,0.41
58,-0.08
58,0.82
58,0.08
58,0.16
58,0.57
58,0.49
58,0.33
58,0.33
58,0.41
58,0.41
58,0.41
58,0.00
58,0.41
58,0.08
58,0.90
58,0.33
58,0.49
58,0.41
58,0.49
58,0.25
58,0.00
58,0.33
58,0.33
58,0.25
58,-0.08
58,0.00
58,0.16
58,0.25
58,0.00
58,-0.08
58,0.08
58,0.16
58,0.49
58,0.00
58,0.82
58,0.25
58,0.57
58,0.49
58,0.49
58,0.33
58,-0.25
58,-0.08
58,0.25
58,-0.08
58,0.74
58,0.08
59,0.33
60,-0.25
61,0.33
62,0.49
60,0.16,E_STOP,217772
57,0.25
57,0.49
55,0.25
57,0.33
59,0.66
60,0.41
59,0.25
59,0.25
57,0.33
57,0.90
57,0.57
59,0.66
58,-0.33
59,0.49
59,0.00
58,-0.82
58,-0.66
58,-0.33
58,-0.08
59,0.00,D_OPEN,218590
58,-0.17
59,-0.49
58,-0.17
58,-0.66
58,-0.41
58,-0.33
58,0.25
58,-0.25
58,-0.33
58,-0.17
58,-0.17
58,-0.17
58,-0.08
58,-0.41
58,-0.25
58,-0.33
59,-0.41
58,-0.33
58,-0.25
58,-0.41
59,-0.25
58,-0.49
58,-0.49
58,0.16
58,-0.74
59,-0.74
58,-0.41
58,-0.74
58,-0.41
58,-0.74
58,-0.74
58,-0.41
58,-0.66
58,-0.49
59,-0.82
59,-0.58
58,-0.66
58,-0.74
58,-0.33
58,-0.58
58,-0.17
59,-0.66
58,-0.33
58,0.00
58,-0.41
58,-0.49
59,-0.41
58,-0.17
58,-0.33
58,-0.17
58,-0.41
58,-0.33
58,-0.58
58,-0.41
58,-0.41
58,-0.08
58,0.16
58,-0.49
58,-0.41
58,-0.41
58,-0.41
59,-0.08
58,-1.07
58,-0.66
58,-0.41
58,-0.33
58,-0.41
59,-0.41
58,-0.66
58,-0.17
58,-0.41
58,-0.25
59,-0.17
58,-0.49
58,-0.66
58,-0.49
58,-0.33
58,-0.25
58,-0.17
59,-0.25
58,-0.58
58,-0.58
58,-0.25
58,-0.41
58,-0.41
58,-0.49
58,-0.66
58,0.08
58,-0.33
58,-0.49
59,-0.82
58,-0.66
58,-0.08
58,-0.08
58,-0.74
58,-0.17
58,-0.58
58,-0.58
58,-0.41
58,-0.82
58,-0.41
58,-0.33
58,-0.74
58,-0.58
58,-0.98
59,-0.33
59,-0.17
58,-0.49
58,-0.74
58,-0.58
58,-0.74
58,-0.66
58,-0.58
58,-0.74
58,0.08
58,-0.41
58,-0.66
58,-0.58
58,-0.98
58,-0.66
58,-0.74
59,-0.25
58,-0.41
58,-0.66
58,0.00
58,-0.58
58,0.00
59,-0.41
58,-0.58
58,-0.17
58,-0.41
58,-0.33
59,-0.74
58,-0.41
58,-0.66
58,-0.41
58,-0.41
58,-0.66
58,-0.58
58,-0.58
58,-0.49
58,-0.08
58,-0.49
58,-1.07
58,-0.25
58,-0.33
58,-0.41
58,-0.49
58,-0.74
58,-0.25
58,-0.17
58,-0.49
58,-0.17
58,0.00
58,-0.66
59,-0.33
58,-0.33
58,-0.33
58,-0.58
58,-0.49
58,-0.41
58,-0.41
58,-0.58
58,-0.25
58,-0.74
59,-0.49
59,-0.25
58,-0.66
58,-0.49
58,-0.41
59,-0.41
58,-0.58
58,-0.33
58,-0.41
58,-0.25
59,-0.41
58,-0.41
58,-0.17
58,-0.41
58,-0.08
58,-0.66
58,-0.25
58,-0.33
58,-0.41
58,-0.90
58,-0.49
58,-0.66
58,-0.49
58,-0.74
58,-0.49
58,-0.33
59,-0.82
58,-0.33
58,-0.66
58,0.08
58,-0.17
58,-0.58
58,-0.41
58,-0.49
58,-0.58
58,-1.07
58,-0.90
58,-0.82
59,-0.74
58,-1.07
58,-0.82
58,-0.74
58,-0.66
58,-0.41
58,-0.58
58,-0.17
58,-0.08
58,-0.41
59,-0.49
58,-0.41
59,-0.58
58,-0.66
58,0.00
58,-0.33
58,-0.58
58,-0.25
58,-0.25
58,-0.33
58,-0.66
59,-0.33
58,-0.58
58,-0.66
58,-0.98
58,-0.58
58,-0.82
58,-0.33
58,-0.58
58,-0.41
58,-0.08
58,-0.58
58,-0.49
58,-0.41
58,-0.49
58,-0.58
58,-0.25
59,-0.25
59,-0.74
58,-0.33
58,-0.66
58,-0.82
58,-1.15
58,-0.58
59,-0.08
58,-0.25
58,-0.17
59,-0.66
58,-0.74
58,-0.66
58,-0.98
58,-0.41
58,-0.25
58,-0.25
58,-0.17
58,-0.58
58,-0.58
59,-0.98
58,-0.25
58,-0.66
58,-0.82
58,-0.25
58,-0.66
58,-0.33
58,-0.74
59,-0.82
58,-0.58
58,-0.41
58,-0.58
59,-0.41
58,-1.07
58,-0.17
58,-0.90
58,-0.33
58,-0.66
58,-0.82
58,-0.41
58,-0.90
58,-0.25
58,-0.25
58,-0.17
58,-0.74
58,-0.25
58,-0.25
58,-0.33
58,0.00
58,0.16
58,-0.41
58,-0.49
58,-0.25
59,0.00
58,-0.17
58,-0.41
58,-0.58
58,-0.33
58,-0.41
58,-0.82
58,-0.25
58,-0.17
58,-0.49
58,-0.08
58,-0.25
59,0.08
58,-0.49
58,-0.41
58,0.49
58,0.08
58,0.08
58,0.16
58,0.25
59,0.49
58,-0.41
58,0.08
59,0.00
58,0.98
58,0.49
58,-0.08
58,0.33
59,0.66
58,0.74
58,0.49
58,0.57
59,0.74
58,0.49
58,0.82
58,0.49
58,-0.08
58,0.25
58,-0.08
58,-0.25
58,0.08
58,0.16
58,0.00
59,0.00,D_CLOSE,232398
66,0.16
58,0.98
58,0.90
58,0.57
59,0.90
58,0.57
58,0.25
58,0.33
58,0.74
58,0.57
58,0.41
58,0.82
58,0.74
58,0.49
58,0.66
58,0.25
64,0.41
56,0.57
50,0.57
49,0.66
52,-0.08
57,0.16
57,0.57
58,0.41
58,0.41
58,0.33
57,0.49
58,0.41
58,0.00
58,-0.17
58,0.57
58,0.00
58,0.33
