59,34.11
58,33.70
63,34.69
53,34.11
57,33.87
58,34.20
57,34.11
57,33.87
62,34.28
93,34.36
56,33.95
55,33.70
58,33.87
59,34.44
59,34.36
57,33.70
58,34.03
57,33.87
57,33.62
57,33.87
58,33.70
58,34.77
58,34.11
58,33.95
58,34.44
58,34.28
58,33.78
59,34.11
57,34.36
57,34.11
58,34.11
56,34.03
58,34.11
58,34.03
57,33.70
56,33.87
58,34.69
58,33.78
58,33.87
58,33.45
58,33.78
58,33.62
59,33.78
58,33.37
57,33.29
57,33.62
58,33.78
58,33.87
58,33.62
58,33.78
57,33.95
58,33.78
58,33.95
58,34.20
58,33.62
58,33.37
56,33.95
59,34.03
58,33.54
58,33.95
58,33.62
58,33.54
58,33.29
59,33.54
58,33.87
58,34.36
58,33.95
58,33.45
59,33.78
57,33.78
58,34.11
57,34.03
58,34.03
57,34.20
58,33.45
58,33.54
58,33.87
58,33.62
59,33.62
58,33.62
58,34.03
58,33.78
56,33.95
55,33.54
56,33.78
55,33.45
56,34.11
57,33.78
48,33.70
59,33.70,E_START,0
55,33.95
59,33.78
55,34.03
54,33.70
57,34.28
57,34.03
58,33.78
56,34.20
55,33.87
57,33.29
56,33.45
56,33.62
56,33.37
56,33.54
56,33.54
56,33.45
56,33.21
56,33.29
56,33.45
56,33.70
57,33.37
59,33.45
60,33.21
59,33.54
59,33.54
59,33.62
58,33.37
59,33.37
58,33.37
57,33.04
57,32.96
58,33.21
59,33.37
59,33.62
59,33.29
58,33.29
59,33.21
58,33.04
58,33.37
58,33.29
58,32.88
59,33.54
58,33.13
55,33.54
60,33.54
59,33.62
57,33.45
57,33.45
57,33.21
57,33.13
58,33.04
58,32.96
58,33.04
58,32.96
58,33.21
58,32.96
58,33.45
59,33.21
58,33.04
59,32.47
58,33.13
58,32.80
58,33.62
59,32.71
58,33.62
59,33.21
58,32.88
58,33.04
58,32.88
58,32.88
59,33.04
59,32.96
58,32.80
59,33.04
59,33.21
58,32.63
58,32.55
58,32.30
58,32.63
59,33.29
58,32.80
58,33.21
58,32.55
58,32.88
58,32.71
58,32.22
58,32.80
59,32.80
59,32.80
58,32.71
59,32.47
58,32.63
59,32.55
58,32.80
59,32.96
58,32.47
59,32.88
58,32.96
58,32.47
58,32.71
59,32.80
58,32.71
59,32.47
58,32.80
58,32.30
58,32.71
58,32.80
59,32.80
58,32.63
58,32.06
58,32.63
59,32.38
57,32.55
59,32.55
59,31.81
58,31.89
58,32.63
59,32.06
58,31.89
58,32.14
58,32.06
59,32.06
58,32.06
59,32.06
58,31.97
59,31.97
58,31.97
58,31.40
59,31.97
58,31.89
59,31.89
58,31.89
58,32.22
59,31.81
59,32.22
59,31.64
59,32.22
58,31.97
58,31.73
59,31.81
59,32.14
59,32.14
58,32.14
58,32.38
59,31.73
58,31.97
58,31.97
58,31.64
59,31.64
58,31.97
58,31.64
59,31.89
58,31.56
59,31.97
58,31.40
59,31.56
58,31.73
58,30.99
58,31.81
58,31.40
58,31.81
59,31.40
59,31.40
58,31.23
58,30.99
58,31.23
59,31.23
58,30.82
58,31.73
58,31.23
58,31.40
59,30.90
58,30.90
60,30.90
58,31.23
58,31.07
58,31.48
59,31.07
58,30.82
58,31.07
58,31.07
59,31.15
58,31.23
58,31.48
59,30.90
59,31.23
58,31.07
58,31.23
58,30.99
58,30.66
59,31.15
58,31.23
58,30.16
59,30.66
58,30.49
58,30.49
58,30.57
58,30.99
58,30.90
59,31.23
58,31.31
58,30.90
58,30.99
58,30.57
59,30.57
59,30.41
60,30.66
60,30.90
60,30.57
60,30.82
60,30.57
59,31.07
59,30.16
59,30.82
59,30.49,E_STOP,0
67,30.49
56,30.33
59,30.33
60,29.75
60,30.16
59,30.41
59,30.49
60,30.24
59,29.92
60,29.67
59,30.00
60,30.24
57,30.16
60,30.66
59,30.08
60,30.41
59,29.50
60,30.49
60,29.67
59,30.08
59,29.83
60,30.08
60,30.08
59,30.00
66,29.59
60,29.42
60,30.24
60,30.16
59,29.59
59,30.33
59,29.75
60,30.16
60,29.83
59,29.75
59,29.83
60,29.67
59,30.33
59,30.33
59,29.67
59,29.75
59,29.42
59,29.75
59,30.24
59,29.75
59,30.16
59,30.33
59,29.42
58,29.26
58,29.92
58,29.92
58,30.41
58,29.59
58,29.83
58,30.24
59,30.24
59,30.00
58,29.92
58,29.75
58,29.75
58,30.41
58,29.92
58,29.92
58,29.75
59,29.83
59,29.83
58,29.59
58,29.92
58,30.24
58,29.59
58,29.83
58,29.75
58,30.00
58,30.08
58,30.08
58,30.16
59,29.92
59,30.08
59,30.08
58,30.00
58,30.00
58,29.50
58,30.00
59,30.00
58,29.75
58,29.67
59,30.41
59,29.92
59,29.59
58,30.33
58,30.08
58,30.16
58,30.08
58,30.24
58,29.92
58,29.75
58,29.59
58,29.59
59,29.83
58,29.83
58,29.83
58,30.08
58,30.16
58,30.08
58,30.16
59,30.00
58,29.67
59,29.42
59,29.67
58,29.92
58,29.83
58,29.67
58,29.83
58,29.67
58,29.67
59,29.42
58,29.83
58,29.34
58,30.08
59,30.16
59,30.00
58,30.00
58,29.67
58,29.75
58,29.83
59,29.67
58,29.92
58,30.08
58,30.00
58,29.92
58,30.00
58,30.00
58,30.08
58,29.50
58,29.83
58,29.50
58,29.50
59,29.67
58,29.59
59,30.00
58,29.75
58,29.83
58,30.16
58,30.08
59,30.08
61,29.92
62,29.18
61,29.83
59,29.50
57,29.75
56,29.83
56,30.16
58,30.00
59,29.09
59,29.75
60,29.42
59,29.83
58,29.50
58,29.75
58,29.83
58,29.42
59,29.59,D_OPEN,0
59,29.34
58,29.34
58,29.42
58,29.75
58,29.26
58,29.34
59,29.67
58,30.08
58,29.26
59,29.50
59,29.26
58,29.34
56,29.50
58,29.01
58,29.09
58,29.09
58,29.26
58,29.18
59,29.42
58,29.09
58,28.93
58,29.26
58,29.01
59,29.18
58,29.42
59,29.26
59,29.34
59,29.34
59,29.42
59,29.42
58,29.18
58,29.59
58,29.34
59,29.34
58,29.42
58,29.26
59,30.00
58,29.92
58,29.50
59,29.59
58,29.34
58,29.34
58,28.85
58,28.93
58,29.50
58,29.34
58,29.75
59,29.09
58,29.34
58,29.01
58,29.26
58,29.09
58,29.67
58,29.59
58,29.50
59,28.93
58,29.01
58,29.09
58,29.01
58,29.34
58,29.09
58,29.09
58,29.59
58,29.75
59,29.18
59,29.09
58,29.42
59,29.18
58,29.42
58,29.42
59,29.09
59,28.93
58,29.42
58,29.26
58,28.85
58,29.09
58,29.50
59,29.18
58,29.42
58,29.18
58,29.34
59,29.18
58,29.26
58,29.01
58,29.42
58,28.93
59,29.09
59,29.26
58,29.59
58,28.93
58,29.26
58,29.34
59,29.26
58,29.09
59,29.59
59,29.18
58,29.26
58,29.34
59,29.09
58,29.50
58,29.26
58,29.67
58,29.34
58,29.50
58,29.18
58,29.50
58,29.34
58,29.34
58,29.09
59,29.18
59,29.34
59,29.50
58,29.18
58,29.34
58,29.50
58,29.67
58,29.34
58,28.85
59,29.34
58,29.01
59,29.01
58,28.85
58,29.01
58,29.26
59,29.75
58,29.18
58,28.68
59,28.76
58,28.85
58,29.34
58,29.09
59,28.68
58,28.93
59,29.01
58,29.67
59,29.42
58,29.18
58,28.68
59,29.01
59,29.01
59,29.26
58,29.01
59,29.42
58,29.18
58,29.75
58,29.50
58,29.67
59,29.59
58,29.50
58,29.59
58,29.34
58,29.42
59,29.18
59,29.83
59,29.50
58,29.34
58,29.18
58,29.26
59,29.34
59,29.09
58,29.42
58,29.59
58,29.09
58,29.59
58,29.26
58,29.42
58,29.42
58,29.01
59,29.18
58,28.93
58,29.01
58,29.34
58,29.34
59,29.34
58,29.26
59,29.42
58,29.42
59,29.01
59,29.26
58,29.50
58,28.76
58,29.50
58,29.42
58,29.26
58,29.50
58,29.26
58,29.34
58,29.09
58,29.09
58,29.34
59,29.26
58,28.93
58,29.01
58,29.09
58,29.18
58,29.18
59,29.42
59,29.42
58,30.00
58,29.26
58,29.42
58,29.59
59,29.34
58,29.67
58,29.67
59,29.59
58,29.42
59,29.34
58,29.59
58,29.83
58,30.24
59,30.00
58,29.67
59,29.26
58,29.59
58,29.67
59,29.09
59,30.24,D_CLOSE,0
57,29.42
59,29.59
58,29.26
59,29.34
58,29.26
58,29.75
58,29.59
58,29.26
58,29.18
60,29.83
55,29.50
59,29.75
58,29.34
58,29.75
58,29.67
58,30.16
58,29.83
58,29.75
58,29.34
58,29.59
58,29.50
59,30.00
59,29.50
58,29.67
58,29.92
58,29.67
58,30.00
59,29.92
58,29.92
59,29.42
58,30.00
58,29.75
58,29.83
58,29.50
58,30.49
58,29.67
59,30.16
58,29.75
58,30.00
58,30.16
58,29.67
58,30.00
58,29.83
59,29.50
58,29.50
58,29.67
58,29.75
58,29.83
58,30.41
58,29.50
58,29.50
58,30.00
59,30.08
58,29.42
58,30.00
58,29.34
58,29.34
58,30.00
58,29.92
58,29.67
58,30.08
58,29.75
58,29.92
58,29.75
58,30.08
58,30.16
58,29.92
58,30.08
58,29.92
55,29.75
61,29.67
57,29.92
59,29.75
58,29.75
57,29.67
57,29.75
56,29.67
56,29.83
56,29.75
56,29.59
57,29.92
51,30.00
63,29.34,E_START,3737
56,30.16
54,29.83
56,29.92
59,30.41
55,29.75
58,29.75
57,29.92
58,30.08
57,29.67
57,29.92
57,30.16
56,29.92
56,30.16
56,29.75
56,29.83
56,29.75
56,29.59
56,29.42
57,29.42
56,29.42
56,29.42
57,29.42
56,29.83
56,29.34
57,29.26
58,29.18
58,29.50
59,29.83
59,29.59
56,29.67
60,29.67
60,29.59
57,29.09
58,29.18
58,29.09
58,28.85
59,29.18
58,29.26
59,29.42
58,29.42
59,29.42
58,29.18
59,29.26
59,29.01
58,28.85
59,29.26
58,29.34
58,28.76
58,29.09
58,28.76
59,29.01
58,29.26
58,29.50
59,28.68
58,29.34
59,29.18
58,28.35
59,28.68
58,29.67
58,28.68
58,28.52
58,29.18
59,29.26
58,29.18
58,28.52
58,28.19
58,29.09
58,28.27
58,28.76
58,28.76
58,28.68
58,29.01
58,28.27
58,29.18
58,29.18
58,28.68
58,28.52
58,28.60
58,28.27
58,28.27
58,28.52
59,28.35
58,28.19
58,28.68
58,28.85
58,28.52
58,28.68
58,28.35
58,28.68
58,28.60
58,28.35
58,28.76
58,28.60
58,28.52
58,28.68
58,28.52
58,28.52
58,28.60
58,28.68
58,28.68
58,28.02
58,28.35
58,28.43
58,28.60
58,28.52
58,27.86
58,28.35
58,28.43
58,28.35
58,28.35
58,28.60
58,28.35
58,28.11
58,27.94
58,27.78
58,28.60
58,28.35
58,28.27
58,27.86
58,27.94
58,28.11
58,28.19
58,27.94
59,28.43
58,28.02
58,28.02
58,28.11
54,27.78
58,28.27
60,27.94
58,27.94
58,27.86
59,28.02
59,27.78
58,28.27
58,27.78
58,27.86
57,27.78
58,27.45
59,27.61
58,27.78
58,27.69
59,27.69
58,27.86
58,28.02
59,27.94
59,27.78
58,27.86
58,27.20
58,27.53
59,27.61
59,27.94
58,27.78
58,27.61
58,27.94
58,27.45
58,27.86
58,27.69
58,27.94
58,28.19
58,28.02
59,27.53
58,27.61
59,27.45
58,27.28
58,27.45
58,27.45
59,27.61
58,27.28
58,27.45
58,27.45
58,27.28
58,27.53
58,27.20
58,27.12
58,27.36
58,27.12
59,27.20
58,27.28
58,27.36
58,27.45
59,27.61
59,27.61
58,27.04
59,27.53
58,27.12
58,27.20
59,27.28
59,26.95
59,27.12
58,27.61
59,27.04
58,27.12
58,27.12
58,27.28
58,27.20
58,26.79
58,26.87
58,26.87
58,26.95
58,26.95
58,26.95
58,27.12
59,27.45
58,27.61
59,27.04
58,26.95
58,27.20
58,27.04
59,27.28
59,26.87
60,26.71
60,26.71
59,26.87
60,26.71
60,27.04
59,26.79
59,26.71
58,26.46
59,26.62
59,26.71
59,26.62
60,26.13
59,26.79
59,26.38
59,26.62
59,26.46
58,25.97
59,26.54
59,26.62
59,26.62
59,26.21
60,26.13
60,26.46
59,26.71
59,26.71
60,26.05
61,26.38,E_STOP,12549
61,26.46
61,26.79
59,26.29
59,26.62
59,26.54
60,26.62
61,26.38
59,26.54
69,26.38
60,25.80
59,26.13
59,26.21
59,26.38
59,26.21
59,26.21
60,26.21
59,26.21
60,25.72
59,26.46
59,26.71
58,26.62
60,25.64
59,26.29
59,25.97
60,25.97
59,26.79
59,26.13
58,26.21
64,26.71
57,25.88
59,26.05
58,26.38
58,26.21
61,26.87
58,25.88
58,26.29
59,26.29
59,26.79
59,26.05
58,26.13
58,25.72
58,26.13
58,26.05
58,26.29
59,26.05
59,26.29
57,27.04
58,26.54
58,26.05
58,25.97
61,25.64
58,26.05
58,26.46
58,25.88
58,26.05
59,26.13
59,26.13
59,25.80
58,26.29
58,25.88
58,25.64
58,26.05
58,25.88
58,25.72
58,25.80
59,25.80
58,26.05
58,25.88
58,26.05
58,26.05
58,26.13
58,25.88
58,25.88
58,26.05
58,25.55
59,25.72
58,25.39
58,26.21
58,26.38
58,25.64
58,25.88
59,26.05
58,25.97
58,26.13
58,26.13
58,25.88
58,26.13
58,26.13
59,26.29
58,26.05
58,25.47
58,25.80
58,25.97
58,25.47
58,26.05
58,25.97
58,25.72
58,25.97
59,25.97
58,25.72
58,25.72
58,25.47
59,26.13
58,26.05
58,25.80
58,25.97
58,26.29
58,26.05
58,26.21
58,26.13
58,26.05
58,26.21
58,25.97
58,25.31
58,26.29
59,26.21
60,26.21
61,25.97
62,25.80
60,26.29
59,26.13
57,26.13
56,25.88
56,26.21
58,25.80
62,25.55
57,25.88
60,25.47
59,25.72
58,25.55
57,25.80
74,26.05
58,25.64
59,25.55,D_OPEN,19146
60,25.72
59,25.22
58,25.22
58,25.39
58,25.22
58,25.22
56,24.90
58,25.31
62,24.81
56,25.47
59,25.22
59,25.47
58,25.55
58,25.14
58,25.31
57,25.55
60,25.39
57,25.31
58,25.64
57,25.55
57,25.64
54,25.55
60,25.22
58,25.14
58,25.31
58,25.39
58,24.90
58,24.98
59,25.55
58,24.98
58,25.64
58,25.55
58,25.64
59,25.55
58,25.14
58,25.55
58,25.64
58,25.80
58,25.64
59,25.64
58,25.72
58,25.31
58,25.72
58,25.22
58,25.31
58,25.64
58,25.39
58,25.47
58,25.39
59,25.22
58,25.55
58,25.47
58,25.47
58,25.47
58,25.22
58,24.90
58,25.22
58,25.31
58,25.55
58,24.90
59,25.31
59,25.22
58,25.31
58,25.22
58,25.22
58,25.39
59,25.14
58,25.22
58,25.55
58,25.06
58,25.88
59,25.39
58,25.31
58,25.47
58,25.47
58,25.47
59,25.47
59,25.72
59,25.88
58,25.22
58,25.47
58,25.22
58,25.47
58,25.97
58,25.47
58,25.22
58,25.22
58,25.22
58,25.31
58,25.88
58,25.72
58,25.39
58,25.31
58,25.39
58,25.39
58,25.64
58,25.97
58,25.64
59,25.55
59,25.47
58,25.55
58,25.47
58,25.64
58,25.55
58,25.14
59,25.47
58,25.47
58,25.22
59,25.06
58,25.14
59,25.22
58,25.64
59,25.39
58,25.64
58,25.64
58,25.55
59,25.39
59,24.98
58,25.80
58,26.13
58,25.06
58,25.39
58,25.55
58,24.98
58,24.98
59,25.55
58,25.31
58,25.31
58,25.47
59,25.64
58,25.31
59,25.31
58,25.64
58,25.64
58,25.22
58,25.55
58,24.98
58,25.06
58,25.64
58,25.14
59,25.22
58,25.31
58,25.64
59,25.22
58,25.47
58,25.55
59,25.31
59,25.22
58,25.55
58,25.64
59,25.39
58,25.55
59,25.06
58,25.72
58,25.64
58,26.13
59,25.55
59,25.55
58,25.55
58,25.39
58,25.64
58,25.39
59,25.55
58,25.39
58,25.39
59,25.39
58,25.22
58,25.64
58,25.14
59,25.22
58,24.98
59,25.22
58,25.64
59,25.06
59,24.98
58,25.06
58,24.98
59,25.39
58,25.31
59,25.31
58,25.64
59,25.72
58,25.64
58,25.64
58,25.47
58,25.88
58,25.64
58,25.55
58,25.47
58,25.88
58,25.55
58,25.31
58,25.47
58,25.80
58,25.97
58,25.22
59,25.39
58,25.39
59,25.72
58,25.55
58,25.55
58,25.64
59,25.88
58,25.14
58,25.47
58,25.55
58,25.55
59,25.64
58,25.80,D_CLOSE,28080
59,25.97
58,25.80
58,25.80
59,25.80
58,25.88
58,25.31
58,25.64
57,25.88
59,25.80
54,25.88
60,25.55
59,25.55
59,25.64
59,25.80
58,25.64
58,25.72
58,25.47
58,25.80
58,25.80
58,25.88
59,25.39
59,26.29
59,25.88
58,25.97
58,25.80
58,26.29
58,26.79
58,26.13
59,26.05
58,25.80
59,25.88
58,25.88
59,26.21
58,25.72
58,25.88
58,25.55
58,25.55
58,25.55
58,25.72
59,25.39
59,26.13
59,25.97
57,25.72
59,25.72
58,25.72
58,25.97
58,26.54
58,26.05
59,25.97
58,25.31
58,25.80
58,26.05
54,25.64
60,25.55
57,25.97
58,25.64
58,25.47
58,25.72
58,26.05
59,25.55
58,25.80
58,25.64
58,25.72
57,25.72
57,26.05
57,25.55
55,26.13
56,25.64
56,25.72
57,25.64
57,25.80
57,25.72
57,25.88
57,25.72
56,26.05
56,25.72
56,26.13
56,25.97
56,25.64
56,25.97
57,25.55
57,25.72
57,25.55
56,25.88
56,25.55
56,25.97
56,25.80
56,25.64
56,25.80
56,25.88
57,25.88
57,25.31
57,25.55,E_START,31480
56,25.88
56,25.88
56,26.38
56,25.88
56,26.38
57,25.80
57,25.72
58,25.47
58,24.90
66,25.39
58,25.55
57,25.39
58,25.64
58,25.47
58,25.31
58,25.55
58,24.73
58,25.31
58,25.39
59,26.05
57,25.39
58,25.64
58,25.22
58,25.31
59,25.39
58,25.39
59,25.22
58,25.22
59,25.31
58,25.31
59,24.81
59,24.98
58,25.47
58,25.31
59,25.22
59,25.22
58,24.81
58,24.90
58,24.65
58,25.14
58,25.39
59,25.47
59,24.98
59,25.06
58,24.57
58,24.98
58,24.65
58,24.98
58,24.98
58,24.98
58,24.98
58,25.06
58,25.31
58,25.06
59,24.73
58,24.90
58,25.22
58,24.98
59,24.57
58,24.57
58,24.81
58,24.48
58,24.98
60,25.06
59,25.31
58,24.65
58,24.81
58,25.31
58,25.14
58,25.06
58,25.22
56,25.31
58,25.06
58,24.73
58,24.73
58,25.14
58,24.57
58,24.98
58,24.81
59,24.57
58,24.48
58,24.40
59,24.32
58,24.32
59,24.32
58,24.32
58,24.65
59,24.32
56,24.24
58,24.57
58,24.40
59,24.24
58,24.40
58,24.57
58,24.73
58,24.40
58,24.57
59,24.40
59,23.99
58,24.65
57,24.48
59,24.57
57,24.57
58,24.16
58,24.40
58,24.16
58,24.40
58,24.57
59,24.32
58,24.73
58,24.24
59,24.48
58,24.32
59,23.74
58,24.16
59,24.57
58,23.74
58,23.83
59,24.24
57,23.99
58,24.07
56,24.16
59,24.32
58,24.24
58,23.99
59,24.07
59,23.91
58,24.40
58,24.07
58,24.65
58,24.32
59,24.24
58,24.24
58,24.07
58,24.07
58,23.99
57,23.99
58,23.91
58,24.07
58,24.24
58,23.91
58,23.33
58,23.33
58,23.91
58,23.09
58,23.58
58,23.66
59,23.50
58,23.25
58,23.91
58,23.66
58,23.99
58,23.33
58,23.99
58,23.25
58,23.00
58,23.09
58,23.66
58,23.99
59,23.74
58,23.00
57,23.58
59,23.66
58,23.83
58,23.17
58,22.84
58,23.00
59,23.00
59,23.33
58,23.00
59,23.58
58,23.17
58,23.42
58,23.17
58,23.83
58,23.00
58,22.84
58,23.09
60,23.09
59,23.91
58,23.25
58,23.09
58,23.09
59,23.33
59,23.42
58,23.09
58,23.25
58,23.00
58,23.00
59,23.17
59,22.92
58,23.00
58,23.09
59,23.00
58,23.00
59,22.84
58,22.92
58,23.09
58,23.09
58,23.00
58,23.09
58,23.00
58,22.92
59,23.00
57,22.84
58,22.59
58,22.76
58,22.51
58,22.68
58,22.92
58,22.35
58,22.26
58,22.68
58,22.59
59,22.68
58,22.51
58,22.59
58,22.84
58,23.00
58,22.68
58,22.02
58,22.43
59,22.84
58,22.43
59,22.35
59,22.59
58,22.68
58,22.26
59,22.18
58,22.59
58,22.02
58,22.18
58,22.18
58,22.51
58,22.35
58,22.35
58,22.35
58,22.26
58,22.43
59,23.00
59,23.00
59,22.76
58,22.10
58,22.59
58,22.68
58,22.68
58,22.59
58,22.18
58,22.35
58,22.43
57,22.68
58,22.26
58,22.35
58,22.26
58,22.18
58,22.35
59,21.85
58,21.77
58,21.94
58,21.77
58,21.69
59,21.94
58,21.85
58,22.26
57,22.02
59,21.44
59,22.02
58,21.69
58,21.36
59,21.36
58,22.18
58,21.36
58,21.69
58,21.85
58,21.94
58,21.19
58,21.52
58,21.52
58,20.87
58,21.19
58,21.03
58,21.19
58,21.28
59,21.28
58,21.19
58,21.44
58,21.77
58,21.03
58,21.03
58,21.03
58,21.03
59,21.03
58,21.11
59,21.44
58,21.19
58,21.19
58,21.36
58,21.28
58,21.11
58,20.95
58,21.44
58,20.87
58,20.62
58,21.19
59,21.28
59,20.95
58,21.11
58,20.78
58,20.87
59,20.87
58,20.95
58,20.87
58,20.70
58,20.78
58,20.29
59,20.70
58,20.62
59,21.11
58,21.61
58,20.54
58,20.95
59,20.62
58,20.87
58,20.37
58,21.11
58,20.70
58,20.37
58,21.03
58,20.45
58,20.70
58,20.29
58,20.87
58,21.11
58,20.70
58,20.62
59,20.62
58,20.54
58,20.87
58,20.54
59,20.45
58,20.04
58,20.78
58,20.45
59,20.62
58,20.37
58,20.29
58,20.70
58,20.04
58,20.37
58,20.13
58,20.45
58,20.13
58,20.95
58,20.04
58,20.45
58,20.87
58,20.04
58,20.29
58,20.37
58,20.37
59,20.13
59,20.21
58,20.70
58,20.29
58,19.80
59,20.13
58,20.21
58,19.96
58,20.29
58,19.30
59,20.13
58,19.55
58,20.62
58,20.37
58,19.88
59,19.80
58,19.30
58,19.96
58,19.88
58,19.39
58,20.21
59,19.71
57,19.88
58,19.88
58,19.71
58,19.80
58,19.71
58,19.88
58,19.55
58,19.55
58,20.04
59,19.80
58,19.55
59,19.96
58,19.80
58,19.39
58,19.30
58,19.39
58,19.30
58,19.30
58,19.30
58,19.39
58,19.47
59,19.55
58,19.55
58,19.30
58,19.47
58,19.06
59,19.30
58,19.55
58,19.47
59,18.98
58,19.47
57,19.22
58,19.06
60,19.80
59,19.22
58,19.14
58,19.71
59,19.63
58,19.14
58,19.22
59,19.30
58,19.14
58,19.14
59,19.88
58,19.30
58,18.98
58,19.39
57,19.22
59,19.55
58,19.14
58,19.39
58,19.14
58,19.22
59,19.39
59,19.39
59,18.73
60,18.89
60,19.22
60,18.73
60,19.22
60,18.81
59,18.89
59,19.47
59,19.06
59,19.63
60,19.22
60,19.47
59,19.14
59,19.06
59,19.06
59,18.98
59,19.22
59,18.89
59,18.89
59,18.73
59,18.65
60,18.56
59,18.73
60,19.14
59,18.23
58,18.81
59,18.07
59,18.98
59,18.73
57,18.32
62,18.81
55,18.89
57,19.22
60,18.81
60,18.48
59,18.73
59,18.40
59,18.81
59,17.99
59,18.48
60,18.81
60,18.73
59,18.89
60,18.81
60,18.65
59,18.23
59,18.81
59,18.98
59,18.73
59,18.81
59,19.14
59,19.06
59,19.22
59,18.56
59,18.32
59,19.06
59,19.22
59,18.89
58,18.65
58,18.23
58,18.48
58,18.65
58,18.40
58,18.81
59,18.81
59,18.98
59,19.22
64,18.89
58,18.73
57,18.56
61,18.65
58,18.48
59,18.56
60,18.81
55,18.56
65,18.48
56,18.15
58,18.23
60,18.89
57,18.81
58,18.65
59,18.56
58,18.73
59,17.82
59,18.65
58,18.23
58,17.99
58,18.07
58,18.07
58,18.23
59,18.32
58,18.65
60,18.81
57,18.73
59,18.40
58,18.48
59,19.06
59,19.22
58,18.56
57,18.32
58,18.65
58,18.07
58,17.99
58,18.15
59,18.81
59,18.32
58,18.48
58,18.48
58,18.65
58,18.56
58,18.32
58,18.07
58,18.32
58,18.65
59,18.32
58,18.40
58,18.65
58,18.40
58,18.56
58,18.65
58,18.40
58,18.40
59,18.81
56,18.56
52,18.89
69,18.56
61,18.65
59,18.65
58,18.40
56,18.73
58,18.65
58,18.65
58,18.81
58,18.23
58,18.40
58,18.73
58,18.07
58,18.40
58,18.40
58,18.15
58,18.73
58,18.15
59,18.56
58,18.65
58,17.91
58,18.48
58,18.65
59,18.40
59,19.06
58,18.65
58,19.06
59,18.32
58,18.32
59,18.48
58,18.15
58,18.23
58,18.23
58,18.07
59,18.32
58,18.23
58,18.65
58,17.99
58,18.40
59,18.65
59,18.73
60,19.14
61,18.48
62,18.65
60,18.65
58,18.56
56,18.32
56,18.23
57,18.73
60,18.73
58,18.89
59,18.81
59,18.40
57,18.32
57,18.73
57,18.40
59,18.15
66,18.07
36,18.07
59,18.23
58,18.32
58,17.49
59,17.91
58,17.91
59,18.07
57,18.07
58,18.23
58,17.99
60,17.58
56,17.49
59,17.49
57,17.17
57,18.65
59,18.15
59,17.33
57,17.17
61,18.07
57,17.41
58,18.15
57,17.99
56,17.08
60,17.33
54,17.33
67,17.33
59,17.49
54,17.33
58,17.00
59,17.00
58,17.49
59,17.49
58,17.58
58,17.08
58,17.41
58,18.40
58,17.25
58,17.99
58,17.08
58,18.32
58,18.40
59,17.74
58,17.91
58,17.33
61,17.66
56,18.23
59,17.66
58,17.66
59,17.91
58,17.08
60,18.07
56,17.99
58,17.25
59,18.15
58,17.74
58,18.07
61,17.66
54,17.99
61,17.82
59,17.82
53,18.15
62,17.82
58,18.07
58,17.91
59,18.23
58,17.99
58,17.74
58,18.07
58,17.99
58,17.49
58,17.99
58,18.23
58,18.15
58,17.41
58,18.07
59,18.23
58,18.07
58,17.66
58,18.07
59,18.07
58,17.49
58,17.91
58,18.07
58,17.91
58,17.99
58,17.58
58,18.15
59,17.99
59,17.58
59,17.41
58,17.99
58,18.07
58,18.07
59,17.74
58,17.33
58,17.58
58,18.07
58,17.74
59,17.25
52,17.66
63,17.91
58,17.41
61,17.25
53,17.82
69,17.33
59,17.74
59,18.40
58,18.15
58,17.99
59,17.25
58,17.49
58,17.17
59,18.32
58,17.33
58,17.49
59,17.49
60,17.41
46,17.49
51,17.58
58,17.49
56,17.00
56,17.49
61,17.58
59,17.25
57,17.17
55,17.49
59,17.41
56,18.07
57,17.58
61,17.49
58,17.66
59,17.49
58,18.23
58,17.74
58,17.00
58,17.91
58,17.25
58,17.33
58,17.58
58,17.99
58,18.15
58,18.81
58,17.58
59,17.74
63,17.25
51,17.99
59,17.82
59,17.49
59,17.66
58,17.74
58,17.00
58,17.91
58,18.23
59,18.40
58,17.41
58,17.33
58,18.65
58,17.66
58,17.66
58,17.58
51,17.49
51,17.58
57,17.17
59,17.41
58,18.32
59,17.58
59,17.08
58,18.07
58,17.08
63,17.17
52,17.58
61,18.48
55,17.41
58,17.17
58,17.25
59,17.58
59,17.08
59,17.66
58,17.49
66,17.58
60,17.33
57,17.33
60,17.58
58,17.99
58,17.49
59,17.17
59,18.07
59,17.25
59,17.41
47,17.25
61,17.66
60,17.91
58,17.74
60,17.74
58,17.33
58,17.58
59,17.66
58,17.99
50,17.33
61,17.41
58,17.66
64,17.82
56,17.66
63,17.25
57,17.49
58,17.58
65,18.15
63,17.25
58,17.41
58,17.41
64,17.66
59,17.91
57,18.32
67,17.99
59,17.49
58,17.82
58,18.23
56,18.15
58,18.15
55,18.07
58,18.15
58,18.23
58,18.07
58,17.82
59,18.07
58,17.99
58,17.99
60,17.82
56,17.08
59,18.15
58,18.32
59,18.15
59,17.33
59,18.40
58,18.32
58,18.65
60,18.40
58,18.15
59,17.82
59,18.15
59,18.32
59,18.15
59,18.48
59,18.07
59,18.15
58,18.15
54,18.48
59,18.15
59,17.91
59,17.99
58,18.15
59,17.99
58,17.82
58,17.99
58,17.99
37,17.74
58,17.66
58,18.23
58,18.07
59,18.23
59,18.07
58,17.74
58,17.74
58,17.82
58,17.99
59,17.58
58,18.23
58,17.74
58,17.74
58,17.66
58,17.66
58,17.66
59,17.49
59,17.82
58,17.58
58,17.82
58,17.41
38,17.25
58,17.25
59,17.17
58,17.66
58,17.49
59,17.49
58,17.25
58,17.41
59,17.58
58,17.66
58,17.74
58,17.58
58,17.74
58,17.99
58,17.49
59,17.58
59,17.66
58,17.58
58,17.74
58,17.82
58,17.82
58,17.74
58,17.66
58,17.82
58,17.82
58,17.74
58,17.41
59,18.07
58,18.15
58,17.82
58,17.82
58,17.91
58,17.82
59,17.82
59,17.99
58,18.15
59,18.15
58,17.91
59,18.23
58,18.07
59,17.91
59,17.99
58,18.07
59,17.99
59,17.66
59,17.99
59,18.32
58,17.74
59,17.91
59,17.66
59,17.99
59,18.07
58,18.40
58,18.07
59,18.48
59,18.40
