0,5,57
0,5,57
0,5,58
0,5,58
0,5,58
0,5,58
0,5,56
0,5,57
0,5,59
0,5,59
0,4,58
0,5,57
0,5,58
0,5,57
0,5,56
0,5,56
0,5,56
0,5,57
-1,5,58
0,5,56
0,5,56
0,5,58
0,5,58
0,5,58
-1,5,55
0,5,57
0,5,59
0,5,58
0,5,57
0,5,57
0,5,58
0,5,58
0,5,58
0,5,58
0,5,58
0,5,58
0,5,58
0,5,60
0,5,58
0,5,56
0,5,59
0,5,59
0,5,59
0,5,57
0,5,60
-1,5,59
-1,5,58
0,5,59
0,5,59
0,5,58
0,5,57
-1,5,59
0,5,59
0,5,57
0,5,59
0,5,59
0,5,60
0,5,58
0,5,58
0,5,59
0,5,59
0,5,59
0,5,60
-1,5,60
0,5,59
0,6,59
0,6,59
0,4,59
0,4,59
0,5,59
0,5,59
0,5,59
0,5,59
0,5,59
0,5,59
0,5,58
0,5,58
0,5,60
0,5,60
0,5,58
0,5,58
0,5,58
0,5,58
-1,5,60
0,5,60
0,5,56
0,5,59
0,5,59
0,6,60
0,5,58
0,5,59
0,5,57
0,5,57
0,5,57
0,6,61
0,5,59
0,5,57
0,5,60
0,5,60
0,5,60
0,5,57
0,5,60
0,5,59
0,5,58
0,5,60
0,5,60
0,5,59
0,5,57
0,5,59
-1,5,59
0,5,59
0,4,58
0,4,58
0,5,58
0,6,60
0,5,57
0,5,57
0,5,60
0,5,60
0,5,57
0,5,60
0,5,59
0,5,57
0,5,59
0,5,59
0,5,60
-1,5,57
0,5,60
0,5,58
0,5,57
0,6,61
0,6,61
0,5,58
0,5,57
0,5,61
0,5,58
0,5,57
0,5,57
-1,5,62
0,5,56
0,5,59
0,5,60
-1,5,57
0,5,58
0,5,58
-1,5,60
0,5,58
0,5,59
0,5,58
0,5,60
0,5,58
0,5,58
0,5,58
0,5,58
0,5,59
0,5,60
0,5,59
0,5,59
0,6,57
-1,5,59
-1,5,61
0,5,58
0,5,58
0,5,59
-1,5,58
-1,5,58
0,4,59
0,5,59
0,5,56
0,5,60
0,5,60
0,5,58
0,5,58
0,5,58
0,5,59
-1,5,60
0,4,59
0,5,57
0,5,59
0,5,59
0,5,59
0,5,59
0,5,59
0,5,58
0,5,59
0,5,59
0,5,60
0,5,58
0,5,58
0,5,59
0,6,59
0,6,59
0,5,59
0,4,59
0,5,57
0,4,59
0,6,59
0,6,59
0,5,59
0,5,57
-1,5,58
0,5,59
0,5,58
0,5,58
0,5,58
0,5,58
0,5,58
0,5,61
0,5,58
0,5,59
0,5,59
0,5,59
0,6,59
0,5,59
1,5,58
-1,5,58
0,5,58
0,5,58
0,5,60
0,5,58
0,5,58
-1,5,59
0,5,59
0,5,59
0,5,59
0,5,58
0,5,60
0,5,58
0,5,58
0,5,58
0,5,59
0,5,58
0,5,59
0,5,59
0,5,58
-1,5,59
-1,5,59
0,5,59
0,5,58
0,5,58
0,5,59
0,5,59
0,5,59
0,5,59
0,5,58
0,5,57
-1,5,59
0,5,60
0,5,58
-1,5,58
-1,5,58
0,5,58
-1,5,59
0,5,59
0,5,57
0,5,59
0,5,59
0,5,58
0,5,58
0,5,59
0,5,58
0,5,59
0,5,59
0,5,60
0,5,60
0,5,58
0,5,59
0,5,61
0,4,59
0,5,59
0,5,59
0,5,59
0,6,58
0,5,61
0,5,60
0,5,58
0,5,58
0,5,60
0,5,60
0,5,59
-1,5,61
0,6,59
0,5,61
0,5,61
0,5,60
0,5,60
-1,5,60
0,5,60
0,5,60
0,5,60
0,5,60
0,4,61
0,5,60
0,5,61
0,5,59
0,5,59
0,5,61
0,5,61
0,4,60
0,5,60
0,5,62
0,5,60
0,5,60
0,5,59
0,5,62
0,5,62
0,5,61
0,4,60
0,4,60
0,5,62
0,5,62
0,5,60
0,5,62
0,5,61
0,5,61
0,5,61
-1,5,62
-1,5,62
0,5,60
0,5,63
0,5,61
0,5,61
0,4,62
-1,5,62
0,5,63
0,5,61
0,5,61
-1,5,63
0,5,61
0,5,61
0,5,60
0,5,62
0,5,61
0,6,61
0,5,63
0,5,63
0,5,61
0,5,61
0,5,63
0,5,61
0,5,62
0,5,62
-1,5,64
0,5,62
0,5,63
0,5,63
0,6,62
0,6,62
0,5,63
0,5,63
0,5,62
0,5,64
0,5,62
0,5,62
0,5,62
0,5,63
0,5,62
0,5,62
0,5,63
0,5,61
0,5,61
0,5,62
0,5,63
0,5,62
0,5,62
0,5,63
0,5,63
0,5,63
0,5,63
0,5,64
0,5,63
0,5,63
0,5,63
0,5,64
0,5,63
0,5,63
0,5,64
-1,5,62
-1,5,63
-1,5,63
0,5,64
-1,5,60
-1,5,61
0,6,65
0,5,62
0,6,61
0,6,64
0,6,64
0,5,60
-1,5,62
0,5,64
0,5,62
0,5,63
0,5,63
0,5,63
0,5,62
-1,5,63
0,4,64
0,4,63
-1,5,62
0,5,64
0,5,64
0,5,62
0,5,63
0,5,63
-1,6,62
-1,5,63
0,5,62
0,5,63
0,5,63
0,5,63
0,6,63
0,5,63
0,5,64
0,5,62
0,5,62
0,5,64
0,5,64
0,5,64
0,5,63
0,5,62
0,5,62
-1,5,65
0,5,64
0,5,62
0,5,63
0,5,64
0,5,63
0,5,63
-1,5,63
-1,5,64
0,5,63
0,5,63
0,5,63
0,5,64
0,5,64
0,5,63
0,5,62
0,5,62
0,5,63
-1,5,62
0,5,63
0,5,63
0,4,62
0,5,62
0,5,63
0,5,62
0,5,62
0,5,62
0,5,63
0,5,62
0,5,63
0,5,62
0,5,62
0,5,62
0,5,63
0,5,61
0,5,62
0,5,62
0,5,61
0,5,61
0,5,61
0,5,62
0,5,60
0,5,61
0,5,61
0,5,61
0,5,60
0,5,62
0,5,62
0,5,61
0,5,61
0,5,61
-1,5,60
0,4,61
0,5,61
0,5,60
0,5,61
0,5,60
0,5,60
0,5,60
0,5,60
0,5,59
0,5,60
0,5,61
0,5,61
0,5,61
0,5,60
0,5,61
0,5,60
0,5,60
0,5,60
0,5,61
0,5,60
0,5,60
0,5,60
0,5,60
0,5,60
0,5,60
0,5,60
0,5,60
0,5,60
0,5,60
0,5,60
0,5,60
0,5,60
0,5,59
0,5,59
0,5,59
0,5,59
0,5,60
0,5,60
0,5,60
0,5,60
0,6,59
0,6,59
0,5,59
0,5,59
0,5,59
0,5,59
0,5,59
0,5,60
0,5,60
0,5,59
0,5,59
0,5,59
0,6,59
0,5,59
0,5,59
0,5,59
0,5,60
0,5,59
0,5,59
0,5,58
0,5,58
0,5,59
0,5,58
0,5,59
0,5,59
0,5,59
0,5,59
0,4,58
0,5,59
0,5,58
0,5,58
0,5,58
0,5,58
0,5,59
0,5,59
0,5,59
0,5,59
0,5,58
0,5,58
0,5,58
0,5,59
0,5,59
0,5,59
0,5,59
0,5,59
0,5,59
0,5,58
0,5,58
0,5,59
0,5,59
0,5,59
1,5,59
0,5,58
0,5,59
0,5,59
0,5,59
0,5,59
0,5,59
0,5,59
0,5,59
0,5,58
0,6,58
0,6,58
0,6,58
0,5,59
0,5,58
0,5,59
0,5,59
0,5,58
0,5,58
0,5,59
0,5,58
0,5,59
0,5,59
0,5,59
0,5,59
0,5,59
0,5,58
0,5,58
0,5,59
0,5,59
0,5,59
0,5,59
0,5,60
0,5,59
0,5,58
-1,5,58
-1,5,58
0,5,58
0,5,58
0,5,58
0,5,59
0,5,59
0,5,58
0,5,58
0,5,58
0,5,59
0,5,59
0,5,59
0,5,59
0,5,59
0,5,59
0,5,58
0,5,58
0,5,59
0,5,59
0,5,59
0,5,60
0,5,59
0,5,58
0,5,58
0,5,59
0,5,59
0,5,58
0,5,58
0,5,59
0,5,59
0,5,59
0,5,58
0,5,58
0,5,58
0,5,60
0,5,58
0,5,59
0,5,58
0,5,58
0,5,58
0,5,60
0,5,59
0,5,59
0,5,58
0,5,58
0,5,59
0,5,59
0,5,59
0,5,58
0,5,59
0,5,59
0,6,58
1,5,59
0,5,59
0,5,60
0,5,59
0,5,59
0,5,58
0,5,59
0,5,58
0,5,58
0,5,59
0,5,59
0,5,57
0,5,59
0,5,59
0,5,58
0,5,58
0,5,58
0,5,59
0,5,59
0,5,59
0,5,59
0,5,58
0,5,58
0,5,58
-1,5,60
0,5,58
0,5,58
0,5,61
0,5,58
0,5,58
0,5,58
-1,5,59
0,5,59
0,5,57
0,5,59
0,5,58
0,5,58
0,5,59
0,5,60
0,5,58
0,5,59
0,5,58
0,5,58
0,5,59
0,5,58
0,5,60
0,5,57
-1,5,59
0,5,58
0,5,58
0,5,59
0,5,59
0,5,58
0,5,59
0,5,60
0,5,60
-1,5,58
0,5,58
0,5,59
0,5,59
0,5,59
0,5,59
0,5,59
0,5,58
0,5,58
0,5,59
0,5,59
0,5,58
0,5,58
0,5,60
0,5,59
0,5,57
0,5,60
0,5,58
0,5,58
0,5,58
0,5,58
0,6,59
0,5,58
0,5,59
0,5,59
0,5,59
0,6,58
0,5,58
0,5,60
0,5,59
0,5,59
-1,5,58
-1,4,58
0,5,59
0,5,59
0,5,59
0,5,58
0,5,58
0,6,60
0,5,59
0,5,58
0,5,59
0,5,59
0,5,59
0,5,58
0,5,59
0,5,59
0,5,59
0,5,58
0,5,58
0,5,59
0,5,58
0,5,59
0,5,59
0,5,58
0,5,58
0,5,58
0,4,59
0,5,59
0,5,59
0,5,59
0,5,58
0,5,58
0,5,59
0,5,59
0,5,59
0,5,58
0,5,59
0,5,59
0,5,58
0,5,58
0,5,59
0,5,58
0,5,58
0,5,58
0,5,59
0,5,59
0,5,58
0,5,59
0,5,58
0,5,58
0,5,59
0,5,59
0,5,58
0,5,59
0,5,58
0,5,58
0,5,59
0,5,59
0,5,59
0,5,58
0,5,59
0,5,59
0,5,59
0,5,59
0,5,58
0,5,58
0,5,58
0,5,58
0,5,59
0,5,59
0,6,56
0,5,57
-1,5,61
-1,5,58
-1,5,58
0,5,58
0,5,61
0,5,59
-1,5,58
0,5,59
0,5,59
0,5,58
0,5,58
0,5,58
0,5,59
0,5,59
0,5,59
0,5,58
0,5,58
0,5,59
0,5,58
0,5,58
0,5,58
0,5,59
0,5,59
0,5,58
0,5,59
0,5,59
0,5,58
0,5,58
0,5,58
0,5,58
0,5,58
0,5,59
0,5,59
0,5,58
0,5,58
0,6,59
0,5,59
0,5,58
0,5,58
0,5,60
0,5,60
0,5,59
0,5,59
0,4,58
0,4,59
0,5,59
0,5,59
-1,6,58
-1,5,58
0,5,58
0,6,59
-1,5,59
-1,4,59
-3,4,58
-4,6,59
4,15,65
0,8,57
0,8,57
2,4,58
-1,6,59
0,3,58
0,5,59
0,6,57
0,5,59
0,5,59
0,5,59
0,5,59
0,5,57
0,5,58
0,5,58
0,5,58
-1,5,59
0,5,59
0,5,58
0,5,59
0,5,59
0,5,59
0,5,59
0,5,59
0,5,58
0,5,58
0,5,59
0,6,59
0,6,59
0,5,59
0,5,59
0,5,58
0,5,59
0,5,59
0,5,59
0,5,59
0,5,59
0,5,59
0,5,58
0,5,59
0,5,59
0,5,58
0,5,58
0,5,59
0,6,59
0,6,58
0,6,58
0,6,58
0,6,58
0,5,58
0,6,59
0,5,59
0,5,59
0,5,58
0,5,59
0,6,59
0,5,58
1,6,58
1,6,58
1,6,59
1,6,60
1,6,59
2,6,60
1,5,59
1,5,59
1,5,58
-2,5,59
-5,4,59
-4,4,59
-3,3,59
-2,4,59
-2,4,58
-1,4,59
0,5,59
0,5,59
0,5,59
0,5,59
0,5,59
0,5,59
0,5,58
0,5,58
0,5,58
0,6,59
0,5,58
0,5,59
0,6,59
0,5,59
0,5,59
-1,6,60
0,6,59
0,5,59
0,5,58
0,5,59
0,5,59
0,5,59
0,5,59
0,5,59
0,5,58
0,5,59
0,5,58
0,5,58
0,5,59
0,6,58
0,5,59
0,5,59
0,5,59
0,5,59
0,5,59
-1,5,63
0,5,59
0,5,58
2,4,60
3,4,58
3,4,58
2,5,60
-1,6,58
-4,8,59
-3,6,59
0,6,64
5,4,62
7,5,59
7,5,59
7,6,60
4,7,57
0,6,59
-2,3,57
-4,3,60
-2,2,60
0,3,59
0,3,59
5,2,57
10,-2,59
14,-4,58
15,-4,57
6,2,59
-1,5,58
-16,17,58
-9,1,60
-17,7,63
-8,15,58
-7,15,59
-4,10,59
-2,8,60
0,7,59
-1,7,59
0,6,59
0,7,59
-4,10,59
-4,12,61
-8,13,59
-2,9,60
4,1,60
6,1,58
6,1,58
6,1,59
0,5,58%
